Alioramus 267.819104591222 129.979881149732 -10.6452136175763 -259.3962770451 -17.8639799734203 -79.0463203893864 85.6056042284943 -42.8357833265784 15.7434810301917
Allosaurus -39.7653083952583 -163.49245119282 -16.0214585869889 50.7709664404989 -33.682010339564 89.6789334158346 99.5999617927354 -39.0773034789249 -13.8998069029922
Bambiraptor 233.895755172592 591.885683545706 249.54316685485 -11.7327689802939 -58.8180224538369 -89.4632747512996 -62.1539673421328 -66.4265297055076 -31.2996017949768
Brachylophosaurus_canadensis -196.772760617212 -63.7779030907298 -183.393076553701 34.5478376526015 22.628491711705 84.8438750631696 -57.7520505015436 -91.4239953367424 -28.4980325386127
Camarasaurus_lewisi 187.364707910297 -41.1657687118163 -51.7743583587072 -63.606094306636 1.67145792958848 -46.0423576034176 58.8814486932953 -78.1780514624973 30.8087273086538
Carnotaurus -2.06199377213305 -16.3852876670854 -131.786564211887 -160.856809945143 34.9721141249342 73.7887227508845 76.4208985086675 -31.7248796684782 -86.9624491252975
Chasmosaurus_belli -459.723784923194 456.183043960454 -181.954687984095 -240.145868387085 -9.03705639803212 -3.12167706331149 -136.051038907039 -75.5514509735665 -69.7251096782798
Citipati -101.983099503513 -177.9367585064 -129.689778026473 41.5020182510135 12.2380829670366 86.4249302834598 -13.1895541113967 -2.86165544840515 19.175603512932
Diabloceratops_eatoni -309.16774258449 120.670758431007 -238.232388109125 -143.289868915634 80.3188934124097 -99.7250614980157 -103.769694677057 -148.023212741851 -24.1406055597376
Diplodocus_carnegiei 204.749388791288 -110.811008227475 -60.4751051242335 -113.650926593119 70.9176639885841 29.1274125322492 67.7615824638855 -30.1653769795112 -12.641558912865
Panoplosaurus_mirus 259.49601567949 374.695293329709 223.48048180123 59.9199729940991 -38.8990663041668 -50.3401413392498 -32.4378259752442 -50.1161872487611 93.1222902485709
Edmontosaurus_regalis -7.30454418577278 -51.0946088715411 -39.3809957036645 -44.0649252386596 -28.2935163230103 -72.0638746106194 0.381987470507128 29.4390435101151 12.1425736920654
Erlikosaurus 244.304827523276 189.895546017896 186.707008926691 -21.382571733056 -10.9560533110533 -14.861170662423 30.8728852958161 30.1989430888263 20.6818660652083
Garudimimus 52.9385496608843 160.086970135011 83.5111660859608 32.5948865438261 -16.0808322175034 -20.230297100033 12.034072362433 -4.4580365865619 -48.5907932210063
Gorgosaurus 50.0578383961531 -40.3384558822854 74.5355986113491 -162.190581360686 102.39387527252 -46.1694630727634 -43.0060634002094 -67.0170210551399 63.654921008885
Hesperornis -439.056831627145 283.863568310977 -7.15177527231678 59.3806059270487 47.2057228518341 71.712001160528 -93.4898933927516 -93.5550832987917 -95.3162004112507
Incisivosaurus -48.8899693903392 -56.6107676641927 16.9164961391536 102.944338214123 -54.7356928997167 105.618915616052 4.18719258405936 66.6588431301452 -35.112500036673
Lambeosaurus_clavintialis -564.344260213314 69.472438402983 -126.135496792666 163.713784957145 -27.2995760880323 24.0873721328458 -156.357218613349 -1.23371557988843 27.0793662437097
Lambeosaurus_lambei -272.447666338402 -24.575527385901 -31.0343111446732 154.20746591555 -53.4132811314816 38.4031785431519 -187.482351003852 -17.3879261834593 2.55263488717692
Majungasaurus -2.5187242028653 126.282471710623 -12.0012032104362 -44.4813240479922 67.5634076357319 -114.725757793285 -93.0790904024272 -76.2215289160986 -15.7839324802458
Massospondylus 6.32231475877691 155.163460746106 95.7280227948036 -155.563499369785 15.1376845542412 17.0812763164021 -15.6173900824053 59.0931873949864 -2.65729263574437
Thescelosaurus_neglectus 81.9262887197959 -37.760040149023 83.6608889861104 88.7063210874345 -31.6875852010598 -33.4238554455856 -23.8661683030921 12.8278999496745 39.9874673233502
Ornithomimus 139.502630154369 39.0672366168807 -165.689359014858 31.3772050185254 -113.61654872512 -46.0703908005272 -102.798394834838 5.30296689538621 33.0313124495724
Pachycephalosaurus_wyomingensis 18.8145885232264 286.425228661713 0.996003642691036 -79.7046019277339 -63.1733798544152 -71.147042808767 -53.2269216368463 -41.9355372214897 16.4070055486593
Pawpawsaurus_campbelli 56.8255309619562 -49.9301729828681 -47.3129322432563 -174.244539141454 -18.961735974853 -236.622310774651 -57.9027350489232 -75.2888867608204 1.72077588234689
Pinacosaurus_grangeri 129.766684581593 257.383346221762 173.471008410337 62.0457801470748 48.3893906786838 -113.727364910173 -27.7297451023021 -52.60742617558 -3.02657202090956
Plateosaurus_engelhardti -49.5362144228613 -180.539207860118 -69.6176358116481 103.480784477683 -26.6507863292193 11.1540320109101 5.40020662234284 16.1492783346025 18.918416744502
Prenocephale_prenes -70.4939927804667 391.82504230139 111.89131326996 -27.0080503107504 94.3459323554274 -89.9435729257923 -41.6525655868239 -15.9285126113349 -44.7659036298955
Protoceratops_andrewsi -461.246793485936 429.104113018766 -199.285196724409 -287.849852372814 52.2498559464389 -17.4283725083798 -182.362523879193 -56.2042088680666 -93.8771388756096
Psittacosaurus_gobiensis -202.464702793914 227.062533460849 -38.6714252846735 60.9464925996585 23.0139786003397 -107.4970164334 -120.594547463355 -77.2072378266895 -58.6663391199554
Stegoceras_validum -94.7557040260575 214.122415852918 224.439125962143 56.5110178995408 185.416386620496 -118.973938100854 -70.5706304932445 55.7722146170804 -65.3150210236937
Stegosaurus_stenops 64.2257760470784 74.961715185464 54.4486184955918 143.569673127395 -32.2041462211111 -9.60212836867044 -1.21288147277752 16.8900729956954 39.2962778834063
Struthiomimus -177.081319945889 -44.1514542456394 46.4366964322173 -4.26635618113035 -153.415305666291 -49.0272712485063 -77.9374053656563 -22.3049582951227 28.1192286819244
Tyrannosaurus 279.527802896488 207.723647222495 97.0106246338703 64.4557398714006 92.3448324579287 -108.880052080284 112.136954929963 -159.652258111861 34.0300216769301
Teratophoneus -34.9477408908806 -12.2061382071016 -78.397327729698 56.8975063941319 -100.027230107622 -125.978801504886 3.10960880775181 -47.4829309382273 -32.345591459198
Triceratops_prorsus -275.663680013361 488.592752302422 -30.8524738315885 -152.970729771636 -46.8002841137212 31.5319079852891 -140.05966448468 -96.4085662757935 11.2690572119575
Tsaagan 251.122447920176 347.019911806188 238.690771148063 19.7298311184479 -29.7695350679491 -49.8867851478449 -16.3564206342536 8.68249670175265 0.703135136640642
