Alioramus -538.644906915453 -167.048883539637 -262.770909105433 122.306387861267 71.0937640761353 -1.46175405360714 37.6121806402945
Allosaurus -38.2213117787445 30.6726091966561 -152.513616350844 -3.46235719149649 9.53600989380002 -38.5281240159985 -10.3714963923866
Bambiraptor -318.743823164198 -61.4700804560103 98.0275015680126 -42.6185226213858 15.9288007670094 9.12255188695162 -22.8133355653867
Brachylophosaurus_canadensis 194.227611581664 115.218913085849 274.047371850732 29.4189913624468 3.98313053457293 15.1876230863643 19.4622991537685
Camarasaurus_lewisi -443.245326986744 -28.7055465839542 28.0113666639555 -2.83342414464607 18.4065782911813 44.0311161684634 -49.1019933342509
Carnotaurus -141.505196940844 311.900314616259 75.3297147009118 16.7191891101668 18.5535457887183 35.7861009656831 -48.9929870216706
Chasmosaurus_belli -214.760784461313 -202.867150846379 202.915093836603 5.45910969558203 36.8373875444125 87.6445886674893 27.1239477326425
Citipati 175.3634390615 241.542654893472 -13.3191878556964 -121.413368651659 -70.050728595408 30.1975131870168 6.49412231649579
Diabloceratops_eatoni -27.9091822479028 89.2100592986038 210.778367580646 -14.3425686539898 41.6897421000638 16.7974078593372 -3.20172458464651
Diplodocus_carnegiei -624.587970223811 9.41848337114819 0.36243187814168 17.3271553464065 5.24524206202397 60.6801313930258 -40.5946829506371
Panoplosaurus_mirus -44.0996056063604 -320.697297044664 336.396090239114 96.0013312167419 -69.370344864852 -3.27267532281638 -21.345172778492
Edmontosaurus_regalis 235.292243559212 -51.5931912269229 190.399335323485 19.9669525661059 -11.0271132410634 -0.681330287297299 33.3874153365061
Erlikosaurus -207.053311591608 -271.044753303951 -163.787721559408 1.11582329978045 36.1434278335077 -32.2802949184838 5.55891576152572
Garudimimus -173.627979556234 -312.384825404574 -234.269134469358 -19.1580265989074 30.2726876757443 -34.7545010099422 9.68611183295662
Gorgosaurus -188.812156864172 -164.601882725856 -190.03879480661 35.914435242261 192.534753460628 -37.5791341756176 27.826642420056
Hesperornis 401.81798018825 -103.634226626263 199.714422416162 41.9466022765062 -11.730174726455 47.4027433221343 -10.6264975801282
Incisivosaurus -505.12313458294 297.577571042303 -109.873549783565 -67.100716859018 25.6089662256707 -41.1350532429208 -26.6997007756645
Lambeosaurus_clavintialis 199.735052742373 -65.1055933595671 121.802486833546 26.9369288058543 -17.3890831869857 14.0724311195987 11.1248245703165
Lambeosaurus_lambei 90.2791174466955 -79.0091741417976 174.709007364966 1.79606564373593 6.31133885593805 -10.1293265735836 10.126980367867
Majungasaurus -174.369423563635 103.933866592932 -67.0941952464856 -22.0858683245595 53.5707021815289 0.754188551691487 -21.4635661187753
Massospondylus 151.125509881387 8.5606907362748 -88.3695842844293 -30.087179614514 -0.273728651164007 -0.986318892488863 -17.203503626023
Thescelosaurus_neglectus 258.642852554854 178.836823616512 148.10561216249 34.7726775567169 -22.6113694442833 -9.80766810517857 -24.7331053748426
Ornithomimus -175.431716242281 -205.313340663511 -156.051807134496 -14.2557884812435 -5.19191571761554 -16.0350743837604 37.134705592558
Pachycephalosaurus_wyomingensis -28.1378455185741 -140.383228634764 199.703619681507 19.330852420809 -74.2078138795584 1.33633483666587 42.5084121760223
Pawpawsaurus_campbelli -87.7355165692002 0.972527391145003 290.618759117194 28.8257075742733 71.0046110545749 132.991599420765 157.833615384421
Pinacosaurus_grangeri -44.7062014601397 71.6015816026344 213.319696704826 42.1614028516066 68.0406752283888 54.6968141223901 109.798409464342
Plateosaurus_engelhardti 220.728644263433 -26.3393508114276 -35.5351589738816 -3.96199080625939 -23.4947013640068 -13.0381881027446 0.689311367151654
Prenocephale_prenes 29.6870004531635 192.647385534255 123.965085447638 78.010641530745 29.7531232172189 18.4434139931049 -12.8167879133725
Protoceratops_andrewsi -238.741818626154 267.190486441886 -8.99806298553673 46.5001095024211 -15.7007614871326 24.9638510450926 -21.0187346423312
Psittacosaurus_gobiensis -119.76183583649 228.632785899988 152.862490771 38.0075202731693 0.712910716886193 -7.39537428391089 56.9175574729116
Stegoceras_validum -242.891036889987 87.0415574100214 154.452797416488 76.0804422343294 -31.1110697224992 -70.8200846233541 97.3867318853576
Stegosaurus_stenops -52.1309320914656 -212.690496125267 198.948512786606 24.4044324652586 -11.1759570405163 -19.778904415826 45.7321199542375
Struthiomimus -176.775000364935 -215.943393792294 -120.896326828346 115.845735194042 0.84049518386329 -22.9836411748565 37.4824476771396
Tyrannosaurus -229.895797427175 -13.4771319550739 -79.573173404768 7.84733339940454 48.3876645064075 -40.4770395746852 16.1435189367529
Teratophoneus -485.479019700892 -71.9198419899954 -174.094755388848 0.756515164430588 4.37785270490384 0.0660042358281319 41.6327619407486
Triceratops_prorsus -9.57220610486468 20.2525014508965 235.777593702944 -8.42969873702167 6.56183515537764 -49.2884777551206 46.5599959373363
Tsaagan 130.033048485733 -19.9124016151874 -4.3059266317197 -21.2779585587885 -15.017750902484 -16.4857785972985 19.8378679078848
