Alioramus -173.763682655116 45.4495898695859 -203.085417685839 201.065712544653 -62.7842213894259 10.9811188052966
Allosaurus -111.450019462717 0.00527211484608692 -60.5412004234239 152.377008320848 -25.0194898545801 -72.405567152552
Brachylophosaurus_canadensis 13.246419981115 -243.973317765308 -85.5421768087568 151.324806903549 66.1230387491744 -77.891940076112
Camarasaurus_lewisi 76.5055843865167 -197.906496540357 110.568764751833 2.37945779992482 -2.80483583947556 -34.2547969961744
Carnotaurus -61.2795464156097 -72.0890317603005 -82.0826178376704 99.7185689960595 88.8688595858913 -52.3005726279876
Chasmosaurus_belli 62.1965665640022 -235.41304627868 55.571431916355 300.015926631815 -3.09067077514444 -131.622932758252
Citipati -13.6427041539112 -53.8864872147268 164.400241665057 123.401079927922 -42.8068785400181 51.1682457100683
Diabloceratops_eatoni 152.965069823487 104.673113515448 127.137687144582 176.569488912543 294.172845595178 -73.06280049587
Diplodocus_carnegiei 89.1779141291398 -112.789720896164 93.2269894353944 -24.8189687382873 79.7413272258544 -45.4208120128195
Panoplosaurus_mirus -163.826823391562 623.915853266892 0.161920724789387 281.449111940253 102.975478656939 17.0782730052327
Edmontosaurus_regalis -58.8104327629208 210.127665610064 65.6229063843789 120.757610862631 85.2118048643706 -126.700373907327
Erlikosaurus -86.579099325939 -121.60844142076 -132.694174848031 169.436529622671 51.0655576747009 -42.4265534519567
Garudimimus -13.9411701921715 81.0204189661966 -219.502105076108 -60.1237378274657 89.1732540111099 16.6714303268501
Gorgosaurus -90.6048485120233 36.5523267099478 -59.6194917921347 180.383689897348 -18.8051717941755 -8.91950628889735
Hesperornis -25.2707438066351 -38.439171500935 -76.4575775125125 -65.0811392897685 122.305097270004 -138.00229174113
Incisivosaurus 106.248132561488 -104.721861401005 147.782688442213 -73.9726237337175 -109.557740598169 9.53463627808717
Lambeosaurus_clavintialis -245.985064100375 -51.4486269264402 470.761933344978 130.784153087478 -9.67760979296808 81.9838970806008
Lambeosaurus_lambei 283.07431164756 11.8812733024768 443.005539657836 142.907875218893 -27.7504175274738 79.5925323540522
Majungasaurus 2.01381710192025 33.8411768182168 83.177036388025 8.51498471102945 68.5341867509692 -133.891872658055
Massospondylus 21.3612073642915 -80.2715169828129 -33.5988355982765 -95.7683886730361 -28.5213478983399 44.0859636909199
Thescelosaurus_neglectus -59.9852302134098 186.345241894471 -52.3274977917864 26.8554400038277 28.3230450364384 -26.0208996727019
Ornithomimus 64.5099099900915 -68.32204701959 -71.2167643608895 128.368298715846 82.8212869713376 68.0821088727548
Pachycephalosaurus_wyomingensis 73.4947308732301 156.560414566431 -56.1567983524917 176.847957972409 214.936071799093 154.044008937221
Pawpawsaurus_campbelli -36.4778983241718 259.140785116379 138.509293406208 70.1962547051026 -31.2295591538849 -44.5444128316366
Pinacosaurus_grangeri -10.4038126488694 408.98467875305 42.2814763171889 108.097996536911 20.8019544113964 84.5157311473348
Plateosaurus_engelhardti -5.84398630873416 9.71440874731231 22.5808633652451 -40.7300543501506 -53.1989319563704 -16.8228849129219
Prenocephale_prenes 28.3107075461838 273.841014330216 20.1288606019863 63.4223312602528 214.697628410064 -5.72660776193756
Protoceratops_andrewsi 20.141732084354 123.180861454933 -68.7236292709688 -202.294810423066 52.9765769303176 -23.4418683127079
Psittacosaurus_gobiensis -90.9504809726019 103.235388717593 -196.430015289053 42.0294203113269 41.9066860908035 130.84124218627
Stegoceras_validum 66.0677859269077 147.705719670749 75.5086941110589 108.65728736519 185.197129295159 9.69595309142632
Stegosaurus_stenops 18.7783541533889 187.918348022575 -14.7401317770145 73.1172727057059 58.5030232345003 106.055193660329
Struthiomimus -101.654305850208 194.155969393651 -118.592086767044 164.393337422244 15.8500820461868 54.333344993584
Tyrannosaurus -91.8481739516283 87.3131248587367 -57.6165890539455 149.753641781963 -3.28313838724258 -40.2052431018037
Teratophoneus -82.9407623355514 3.94269219310306 -53.3473238361437 82.0612348235327 -20.8974103208372 -17.2853151133015
Triceratops_prorsus 52.3556032735391 -8.40673659609947 -84.9856248010231 210.056750219681 146.4117252093 -40.0772064467694
Tsaagan -102.121001144008 -47.9377263341063 -171.108518422752 149.537964923646 40.5586812897269 31.8245197749239
