Alioramus 100.909604876003 -32.9197596243866 104.20644062315 6.4305705663184 -36.4246112677542 2.53246644921426 -45.5261561090664 22.8847954759452 -3.61017941494701 17.4092858839491
Allosaurus 16.3114406103924 -8.43148656882682 69.2539378620163 -21.7972548805913 51.3046403937235 15.1449979313735 88.2732620614162 -34.229574987455 1.43002188033614 -27.8914131639073
Bambiraptor -110.71769459762 -22.3315269116858 190.694815221148 -147.006956436396 -28.4858368682893 -50.4256164450632 -45.7811391117371 51.7987378310978 34.2929712398087 -2.2436489372267
Camarasaurus_lewisi 252.461467052404 -304.191803829488 -82.1113805064871 -132.985746609156 34.4933105055724 -15.20922615027 -38.8190183370044 -29.2129246337814 -23.0681061078265 15.4222100098733
Carnotaurus 169.260081707572 -198.628445719334 27.289910919607 82.2057454099266 26.738507954243 -67.3790328018304 17.922958410082 -136.474562216403 44.6989723874004 37.0328696913239
Chasmosaurus_belli -250.852292961195 37.5108222922519 130.860807344024 33.7652757665586 24.4529811430523 6.86364826736977 -36.0017650247924 15.973721619357 7.05442662815513 -39.5191340824891
Citipati 276.623955206708 88.0025172250064 -12.4523194146611 211.022303219712 2.91563737062454 2.96433391845912 -85.7176541736978 -53.5200555192356 -25.6805906198594 -60.4445270376687
Diabloceratops_eatoni -263.190169434079 -82.7976891678084 331.376501582803 102.20354761026 -119.768556906855 33.1265783430153 1.01186364647007 -11.5177935923227 -13.4099402238952 -30.029002623076
Diplodocus_carnegiei 470.418357891457 -120.568681808089 -61.8757137326944 -84.3065943860439 -9.00089170167099 -30.7184715044216 -33.4213823414192 -96.906395317863 37.2684182455703 -43.8282564829375
Panoplosaurus_mirus 18.3856603065072 75.0177375424348 66.249961952566 -34.7851456264939 -39.1437237901356 38.2670296180267 14.3459563999573 -70.7677020503412 -7.47687815304743 4.10343453869585
Edmontosaurus_regalis -76.917592102717 225.471844964841 -148.210089802496 -40.4563437083413 31.3179731243522 48.9430868763526 7.32024189001047 -7.41568027638434 -25.7818093340163 5.77581807032243
Erlikosaurus -13.5945431934974 139.552524997019 23.8200622059404 -43.4267019038607 0.617304322861008 16.487470192899 -7.42200700069489 18.9370692206301 -8.09879260284392 -18.5899320704845
Garudimimus 179.985598569027 -21.6032223889963 107.903478456018 -64.0873585948745 -3.77803161559958 44.4571200126625 -59.7178746893637 -56.9507647382182 -42.2905901149066 -3.67695562487998
Gorgosaurus -2.11354313087456 144.582642726695 58.2098213062631 -66.0331322574471 -34.2057541727059 -43.1116357683511 -50.2537235618225 -15.4959071972817 -85.8941945875425 9.84285570075783
Hesperornis -282.752725589738 74.4942959120615 204.353508570852 -110.318551572258 -62.43063602461 -30.7885166781512 -34.3660953513283 58.6969291162756 11.1204804766288 46.2206430394343
Incisivosaurus -104.612119787391 93.5951000934928 189.023322423878 21.6312526515914 10.0425621315918 18.1018553484904 1.42179762804024 -94.7888153327051 -2.31638484411234 -3.86073632239469
Majungasaurus 281.325534019515 -227.083844960139 -37.0049583354232 -25.9244796757076 -81.5905600279828 121.679246538043 29.6747737542208 -29.2936730242934 15.8072931823764 -29.2044669841367
Massospondylus -83.1062447643238 40.0696518714551 3.99203760520703 17.9509437692609 -22.6229528508652 -0.353222714141312 -6.35838976181833 51.7317545422795 -11.3019044908122 17.4899197706441
Thescelosaurus_neglectus -25.1761256375184 142.171447019528 -30.1471080961189 -43.6399255917801 -46.3968840091215 3.58855572584864 44.7248967697852 -15.9413032403066 -4.71499148731266 -8.93417086137136
Ornithomimus -73.7155519776053 95.9465857642524 15.1392521222285 -67.4207311458289 2.60987719548587 8.91669721317747 -4.22006822741985 -20.6737826655156 7.17588551161823 -9.0137009610796
Pachycephalosaurus_wyomingensis -120.217325448506 15.7216905862853 87.1413351446859 -88.0784811914822 -19.769220162375 -26.8743368116162 -43.8095147869464 -16.218521993332 23.4624009378504 16.7517503548014
Pawpawsaurus_campbelli 150.665949427958 26.4732754812848 -16.2038988630029 128.974095876064 -19.300398703278 -7.37676571019577 -20.885098850331 -10.9492291140499 7.39955912205197 -18.5207131732346
Pinacosaurus_grangeri 281.824452677139 -209.496805277461 -74.0299186967857 -34.6121474311348 -3.83887649280983 23.6733859721458 -20.4348497661495 -15.0853626835997 3.30956645098367 14.1514549674695
Plateosaurus_engelhardti -121.317124751347 -7.17762246748678 -23.0155986158168 44.4530127451482 28.1538331432277 12.5202873801057 16.2843770974196 24.7021260765234 -0.74257694292144 9.2343823341565
Prenocephale_prenes -57.5594598481887 -0.658243409947883 132.691546144523 -34.3547010677209 -54.2073913149583 -38.5532392330673 -60.7217973897173 -14.413030424718 2.0198619177011 -9.64372209165981
Protoceratops_andrewsi 113.871970663624 44.2882833064783 5.82815957239218 -1.50297423711107 -61.4519034003619 45.9212453259054 0.705608711068087 -1.43377181731786 -13.5000462071194 -8.6906910810679
Psittacosaurus_gobiensis -112.005340708693 88.2790137656894 74.6061147931282 41.0436315567159 -48.1112726771737 -36.8621333393229 -82.4550469552051 37.9849656732206 -9.606409485259 -10.066162333506
Stegoceras_validum 19.4373732584056 -46.3822669566477 85.9493457902826 -84.0648846267082 -107.394559420354 -125.821028279081 -76.3124585374754 -6.11341170586414 22.7047253849473 3.37244953161297
Stegosaurus_stenops 46.4061776923523 199.548080964497 -54.6747228501542 -28.3155275915642 -16.2912021577284 -11.5843008459575 10.626841443191 -18.3532582500956 19.0079348689948 -43.9796541829327
Struthiomimus 107.284422566395 145.880276391762 153.220349591918 -56.6958230876783 28.3073342839954 -0.566513104694329 9.60484064013232 -4.07042961425762 -2.14426399224476 -5.22132194782082
Tyrannosaurus 280.297889345168 137.053921204139 -88.7983577993253 -29.7302853792281 -97.1523730392503 -27.694996267475 13.6634225211169 -2.87089150852181 -56.2411764378913 68.0981543924946
Teratophoneus 105.40198033126 -8.35734462500661 42.7091839858862 32.773877993234 27.3821322846871 9.07126487795958 -72.0600642515223 -14.7040741662363 -59.3462499789932 46.2690262809952
Triceratops_prorsus -177.945938728878 256.123926776522 259.596259648801 23.8039398832132 -62.6971745739507 88.7972851614382 -100.20715808785 -13.4490536392392 34.247534341651 -5.48408552322812
Tsaagan -194.104098136461 73.8174499731985 122.56146963341 76.5936125921098 -51.2036958695591 -46.5746200121697 -35.1578592716352 50.4578273307955 21.8854387348673 8.19048079350383
