Alioramus -173.384779051776 43.2768620093385 -202.781145520786 199.457054972159 -63.7652389602629 10.5791848497261
Allosaurus -111.070166262052 -2.16578232276449 -60.2348611934117 150.823955061597 -25.965514085369 -72.8184717440567
Brachylophosaurus_canadensis 13.6269675003868 -246.149366664864 -85.242265355503 149.758598540244 65.1589433991184 -78.2992494532851
Camarasaurus_lewisi 76.8894109150852 -200.075117576397 110.902159529658 0.856633697880771 -3.73574348709233 -34.6902271448211
Carnotaurus -60.8995756137871 -74.2575857850866 -81.7732290984898 98.1805610671646 87.9360196082758 -52.6869596135128
Chasmosaurus_belli 62.5762309496898 -237.592224401146 55.8416130574779 298.48195908006 -4.05280457784262 -132.030489201925
Citipati -13.2596435181568 -56.0629723599348 164.718857966205 121.863203250016 -43.7691989614929 50.7547580782013
Diabloceratops_eatoni 153.344405049137 102.487953862178 127.425750785073 175.084237328929 293.229657699145 -73.4124780829866
Diplodocus_carnegiei 89.561429362165 -114.960568529858 93.5643675129959 -26.3388348840703 78.8115347957553 -45.8425017430372
Panoplosaurus_mirus -163.450098269894 621.723351692931 0.452690460612855 279.893455013066 101.987129319209 16.7048996555747
Edmontosaurus_regalis -58.4300526965881 207.948100980544 65.9370833540779 119.229523082502 84.2634014354127 -127.105677562205
Erlikosaurus -86.1997645346977 -123.780577154433 -132.396308417127 167.871815174303 50.1103631674285 -42.8171208363146
Garudimimus -13.5600231819788 78.849798602893 -219.152722586099 -61.7177958997826 88.2169172715415 16.2461195907244
Gorgosaurus -90.2252081336092 34.3787207900111 -59.3165314958996 178.82193075542 -19.7650858525239 -9.32249027375623
Hesperornis -24.8891466649262 -40.6045575527564 -76.1175303170216 -66.6063386516579 121.398752160898 -138.421930430516
Incisivosaurus 106.633784041949 -106.890802726175 148.141585401301 -75.5171264474854 -110.501736669877 9.0570900712056
Lambeosaurus_clavintialis -245.600304718163 -53.6352956370474 471.077712085444 129.307027098626 -10.6357081799146 81.55012330466
Lambeosaurus_lambei 283.458539060064 9.69742410738699 443.316718132977 141.432719988344 -28.705727302135 79.1584267579537
Majungasaurus 2.39552516474333 31.6732004159001 83.5050227881316 7.02114105569217 67.6313468881776 -134.310344267385
Massospondylus 21.7455940555819 -82.4398891811328 -33.2369171379242 -97.3467184317289 -29.4746426553093 43.6335551120457
Thescelosaurus_neglectus -59.6039676865468 184.168681198643 -51.9904792229341 25.2874816854284 27.3665812461288 -26.4490153639804
Ornithomimus 64.8911082666186 -70.5067614023367 -70.903034130499 126.770274174904 81.8168502272682 67.669739933168
Pachycephalosaurus_wyomingensis 73.8741733432025 154.368983794493 -55.8541730529015 175.263786308962 213.922261034703 153.678139671716
Pawpawsaurus_campbelli -36.0957856770432 256.960229391615 138.841606612602 68.6591292532708 -32.1854205550657 -44.9880053458177
Pinacosaurus_grangeri -10.0228525404407 406.795515653257 42.6116812645759 106.516695213785 19.8030418015864 84.0885504664468
Plateosaurus_engelhardti -5.46025178975583 7.54404654693005 22.933062613294 -42.292629231204 -54.1466633938033 -17.2763624203208
Prenocephale_prenes 28.6909083297601 271.658615563184 20.450977106364 61.8911672144017 213.743439918415 -6.10277302941568
Protoceratops_andrewsi 20.5257246928849 121.010335073265 -68.3433181604174 -203.862227372946 52.0405812498429 -23.9138879755015
Psittacosaurus_gobiensis -90.5697834389028 101.05676945145 -196.094558092096 40.4114826413946 40.9147368596096 130.422477807896
Stegoceras_validum 66.4486251630357 145.520093085904 75.822181186801 107.122727037891 184.227831357552 9.31062576850077
Stegosaurus_stenops 19.1597635757575 185.732966956225 -14.4097013086085 71.5309947892169 57.5062850010144 105.627912083062
Struthiomimus -101.274773754315 191.974147280711 -118.278797055269 162.792291109101 14.8556334402721 53.9284420191073
Tyrannosaurus -91.4680879325694 85.1382621719646 -57.3051319288774 148.186102892175 -4.24624540396465 -40.6113240489481
Teratophoneus -82.5597622487599 1.77290352559206 -53.0249696273607 80.5027111427594 -21.8446338487416 -17.7031444286788
Triceratops_prorsus 52.7344135106315 -10.5874549027154 -84.6961956153121 208.497196466297 145.43912359285 -40.4460848237313
Tsaagan -101.741375668542 -50.1131082997837 -170.800670633308 147.943238788534 39.5792208681188 31.42752771814
