Alioramus 267.3010719314 131.774957161101 -10.2250079306964 258.681596651332 -17.8150095948744 -79.6686914866376 85.0553801873808 -43.3293989987882 15.5935576743604
Allosaurus -40.281456443398 -161.702117469034 -15.6009250806455 -51.479274049635 -33.6362080586534 89.0713810238031 98.9711532231481 -39.5712376380274 -14.0204974651624
Bambiraptor 233.374378582187 593.690859313127 249.963141746925 11.0274663900853 -58.7713114160427 -90.1306219018897 -62.6773766886819 -66.8645011876407 -31.4448529474733
Brachylophosaurus_canadensis -197.290338449643 -61.9802814429932 -182.970341668194 -35.265504255899 22.6758567119283 84.1494062036749 -58.3912387951237 -91.8988502666304 -28.6627304566831
Camarasaurus_lewisi 186.84707667704 -39.3666027149389 -51.3517311411414 62.8876069456321 1.71957505739718 -46.6758392371482 58.3126801854494 -78.6744229284526 30.6477516035156
Carnotaurus -2.57863581301253 -14.5975131816047 -131.367440061997 160.147337567066 35.0194936462907 73.159564417787 75.7914991859879 -32.2090794622386 -87.0915981738283
Chasmosaurus_belli -460.243931315554 457.978202996888 -181.535698801866 239.432568975565 -8.98729242403816 -3.86198448342864 -136.651404372464 -75.9804223205624 -69.8670057926273
Citipati -102.500174627036 -176.137575035759 -129.265815878563 -42.2205449656319 12.284216345149 85.7688973404371 -13.8050633007201 -3.36462916609012 19.0184728076305
Diabloceratops_eatoni -309.686816204377 122.472093062782 -237.809501530995 142.562288810667 80.370649854477 -100.463153204384 -104.340920644625 -148.454509107239 -24.3009362051324
Diplodocus_carnegiei 204.232630726227 -109.016658522424 -60.0535818758254 112.935040801641 70.9653394746014 28.4977470039755 67.1588744263236 -30.6598479475867 -12.7779397306649
Panoplosaurus_mirus 258.975346290873 376.504177151077 223.903080429037 -60.6308410229941 -38.8531942376555 -50.9923789892017 -32.9785542152454 -50.6041140501639 92.9682746463862
Edmontosaurus_regalis -7.8225598869658 -49.2923938733301 -38.9571365622132 43.34292165248 -28.2452944777545 -72.7120590430262 -0.149832498084737 28.9715117303524 12.0191876198105
Erlikosaurus 243.785745558661 191.698195477709 187.128904896827 20.6720081788063 -10.9102095180237 -15.4826369135318 30.3216027094779 29.7077690655195 20.5526283824724
Garudimimus 52.4197450804526 161.887530684537 83.9328712582464 -33.3054065753756 -16.0347169663559 -20.8626534638434 11.4807175014148 -4.92327870333502 -48.7253319734523
Gorgosaurus 49.539969361878 -38.538340775254 74.9583274524597 161.467506839367 102.443829015935 -46.8617165926944 -43.5809826419057 -67.4812780934108 63.5255787354269
Hesperornis -439.576000530296 285.659050751914 -6.7320321270813 -60.0865598206314 47.2520132658062 71.0144786326643 -94.1111007473399 -93.9904778275584 -95.4565591047292
Incisivosaurus -49.4075174748965 -54.8120416711008 17.3392587781653 -103.654594922288 -54.6914594191363 104.99059455634 3.58549029081984 66.1664565509578 -35.2439907886981
Lambeosaurus_clavintialis -564.863643214919 71.2793395760686 -125.71021246322 -164.434091195639 -27.2534068762132 23.3758407942534 -156.927558811349 -1.69064722664681 26.932110187591
Lambeosaurus_lambei -272.966619541103 -22.7669705072613 -30.6084495553849 -154.930544159331 -53.3663606334263 37.6680338154209 -188.068578930714 -17.8340815688449 2.40207824784539
Majungasaurus -3.03801926289666 128.088043057089 -11.5775767224056 43.7573394584724 67.6132320918674 -115.431271054469 -93.6104690185664 -76.6528230742825 -15.9336955392279
Massospondylus 5.80386947909348 156.960849806935 96.1491126847784 154.85348920276 15.1836537340728 16.4434248375241 -16.1734477910138 58.6065613924899 -2.79789208827582
Thescelosaurus_neglectus 81.4078228303346 -35.9537336544006 84.085507961847 -89.4269831219881 -31.64037996841 -34.0818134900264 -24.418032525337 12.3579447791231 39.8661130563418
Ornithomimus 138.983926451679 40.8726286712398 -165.264909185187 -32.0994551472948 -113.5687549706 -46.7623870578828 -103.337497390996 4.85005671022114 32.8899674435121
Pachycephalosaurus_wyomingensis 18.2946926811903 288.228756042391 1.41788808923454 78.987034474489 -63.1243850791944 -71.8372280369605 -53.7825560577927 -42.3865667138659 16.2957403555227
Pawpawsaurus_campbelli 56.30699783471 -48.1238067714128 -46.8879485050239 173.510163626769 -18.9088932044128 -237.326256525925 -58.385882580024 -75.7117180493095 1.58046777416244
Pinacosaurus_grangeri 129.246348154325 259.193135893491 173.894548395817 -62.7649138940343 48.43773512283 -114.396373070855 -28.258439015078 -53.054916454199 -3.15303944876291
Plateosaurus_engelhardti -50.0536042337713 -178.736501448914 -69.1926992514898 -104.201008221827 -26.6045828389194 10.5159354426322 4.83226890071991 15.6582347267613 18.7717055554209
Prenocephale_prenes -71.0147145790141 393.631358361951 112.313411069294 26.2933123117281 94.3935936996797 -90.6093397049274 -42.1798019008659 -16.3775124935124 -44.9047243056612
Protoceratops_andrewsi -461.766983762527 430.901029667767 -198.865288171622 287.13292995882 52.3000024508525 -18.1851140523346 -182.946466533777 -56.6247380491755 -94.0387892410581
Psittacosaurus_gobiensis -202.985034477528 228.87164914705 -38.2472673898547 -61.6708305218884 23.0636858094752 -108.221431753612 -121.13704127513 -77.623118631771 -58.7974171017616
Stegoceras_validum -95.2759659161856 215.932779257705 224.863391900297 -57.2314437773412 185.464179098395 -119.641721750011 -71.0649548870367 55.3527377499978 -65.4179593995683
Stegosaurus_stenops 63.7064724569781 76.7705804462173 54.8734802822811 -144.287749344489 -32.1583221089143 -10.2436119821764 -1.77265357164036 16.3937663088059 39.150639883181
Struthiomimus -177.599549651081 -42.34822711376 46.860840905001 3.54543855887492 -153.367292083603 -49.7133024877947 -78.4835456586199 -22.7652170529639 27.9678399514674
Tyrannosaurus 279.008430718701 209.527892559755 97.4327500451142 -65.169597215817 92.3923261362412 -109.487227896002 111.588888290357 -160.149344313538 33.8518310475424
Teratophoneus -35.4661725161651 -10.4022898174829 -77.9733617810471 -57.6206509082278 -99.9780511213843 -126.637447881592 2.58532681191804 -47.9251057637755 -32.4757627687749
Triceratops_prorsus -276.184157431507 490.390849865119 -30.4331758580551 152.261303621766 -46.7520969849706 30.7985931797585 -140.670999558811 -96.8586404949818 11.1217798063138
Tsaagan 250.60222371737 348.8259657687 239.112637335628 -20.4393094127225 -29.7236313943273 -50.5269652516169 -16.8882715346705 8.21297512930161 0.568256422298235
