Allosaurus 11.64419549259 -65.7291730553405 -30.6678635584136 25.7667223640376 5.46390673673781 -43.0803578323698 37.3213189027585 -11.6825932682515 -4.41327605105292
Bambiraptor -133.886933352279 137.047539406822 -109.878937710924 -186.478268118557 95.7663059069365 29.3359698649441 -52.9081916154736 -49.007088745806 -3.99972229743742
Brachylophosaurus_canadensis -3.8043046155832 -42.2370483844145 88.0640173855984 -104.847292708078 -14.7039791109203 21.6001636099047 -98.2867247713264 -20.3878971730815 98.2411838227723
Camarasaurus_lewisi 91.2554774134815 -150.762639629946 29.4598475592271 173.391191491405 -139.755212945898 25.4431182119868 92.1067447464022 -7.18212959460396 5.9186951861547
Carnotaurus 63.3183544370699 -29.7825982784899 206.487213509706 0.682662502362506 -71.5059577091871 -15.9560690539086 1.61762127538117 -36.8677773828792 7.01450785884668
Chasmosaurus_belli -19.4581333566559 95.8482479854054 -33.8731959930354 63.0950163252684 -44.2836339525513 62.4180367109241 111.483569821952 -10.3045414443445 -13.0794144084461
Citipati -170.464690138101 -10.4196633245732 -85.9717124708779 -7.94503460564457 12.1573537196231 6.11789902856281 -34.3161255234796 8.71173534072383 -8.74019789435263
Diabloceratops_eatoni -106.817648961316 170.293582349952 -2.22360917867512 2.78436761503694 -106.932033132124 78.5633168400443 20.8298485946224 111.814713001638 9.90222015006102
Diplodocus_carnegiei 348.082239594576 10.2225343826393 223.828128473202 90.9816929202928 -223.227322575024 -32.5932311912807 61.6341908649272 -98.3313287455217 30.3705775016949
Panoplosaurus_mirus -101.684878658825 216.684365466118 -130.972231190229 -153.262418309358 15.5931765093482 -57.9614294313008 -9.20086878862725 19.1033792778673 -9.35807797754179
Edmontosaurus_regalis 49.9966025311561 -32.2342209030021 -41.2124947673822 -136.584093416154 58.7205348984362 -21.9183618546114 -17.3148531663094 4.02487909806547 78.5012217902451
Erlikosaurus -106.931413638305 94.5573176800999 -84.9265950570663 -121.751798932402 53.7159579326646 -41.7076003387398 -57.8489665920055 -14.8223821067778 13.3390144763588
Garudimimus -30.5769143116605 45.3799062456886 -55.551091233568 -212.352194721099 127.461446080651 -31.7583143445497 -94.627077885812 -21.8722811817724 1.14688440050067
Gorgosaurus 4.59993897676052 44.3276336337049 131.252625984574 -109.980204531404 59.7287641224726 2.54946676519782 -9.55001630932846 -12.1766221881744 -17.4539728577302
Incisivosaurus -161.267441481206 86.5238976504119 -127.683911627304 -43.2653169197547 13.1260787957011 105.655320112264 10.9179016338547 -44.3936214350883 7.3402908820336
Lambeosaurus_clavintialis -60.0888053291317 37.5094848420527 93.1587250858833 -54.4560878045893 -1.45941856865944 -23.1062864695179 -4.82487098918193 36.9702977769205 73.749127819968
Lambeosaurus_lambei 207.624954870364 52.1768273493494 67.102133158936 -56.7938104998788 -2.57007956764952 -7.97669822792857 -16.8305046428856 42.9339541812548 64.4967345633047
Majungasaurus 1.15164274125744 -2.21245909519817 142.426387488359 -5.77462018407686 -76.5403821218431 -100.995943516463 -16.6321871249404 6.12036518009988 -2.44016714222039
Massospondylus -40.4409025208888 11.9255443348858 -6.03836090104143 55.6967676833611 -9.90369249292646 79.5299152118688 6.02882613584419 14.259965600476 -0.316067701313755
Thescelosaurus_neglectus -21.3041708777577 68.4871055402314 -7.64809431704896 -132.104871108533 63.9485647582115 62.3225685967191 -13.1817939843017 -8.72067449142226 17.0436000149527
Ornithomimus -28.4730580291685 36.1868633235789 -17.0318337943855 -222.708825462872 179.466958004599 -15.6538273808143 -91.9824173414868 -48.2939108752894 -19.4572908664529
Pachycephalosaurus_wyomingensis 74.5357124134529 46.3821426822879 -163.843994703144 -306.684757044893 -74.3396501716445 11.1114947420648 68.8592383291486 -8.12778276588272 -0.114524880749657
Pawpawsaurus_campbelli 183.571487228098 64.1695882269399 -30.7539040716213 -262.745298160414 104.149454286503 -43.7444076126103 99.5789127577729 50.3942651784874 112.567926887959
Pinacosaurus_grangeri -8.58750403352774 4.56562226854739 13.5758301340081 -167.905101992406 75.271909940531 -125.03566892961 -21.1021693546053 43.2671970438059 29.3237749558965
Plateosaurus_engelhardti -61.4941336246157 -19.7747234029086 -2.21165330984102 25.651589482893 44.581408485141 -23.6995462346301 -22.9690239613619 23.1225526926229 -24.8739737785924
Prenocephale_prenes 172.142287309638 87.6612253625436 -94.1698347141518 -151.468646304449 50.0795642075275 25.225925896718 37.1977484517719 18.9398904890079 43.8681466911159
Protoceratops_andrewsi 5.65578126266837 224.041641945445 73.3427510186621 4.08589666212058 -53.0534510115892 -10.5809864761089 81.529531777231 77.7864225699637 -19.9722736538894
Psittacosaurus_gobiensis 61.3839378386736 42.926504837818 -83.9839980104135 -55.9451893240152 -18.7644984626006 -118.56884097988 -30.1472619711114 7.06820212848624 13.4877040155601
Stegoceras_validum 77.4131801298398 315.842613788752 -100.746889129435 -140.005244448443 100.193249913859 14.4316308651976 28.5283912095822 -20.4451124744415 32.6585470743056
Stegosaurus_stenops -25.7816693512148 -49.3035204827191 -161.869150968234 -90.4572880795897 51.5912189182318 -3.56201928417418 -31.4794572747886 -15.4540390772458 -7.69931515122945
Struthiomimus -67.5334434785002 111.844581967127 -92.3464947122559 -220.088352081416 136.918001343434 -8.29080014762274 -83.444240559935 -47.1991601631713 -3.0569735766319
Tyrannosaurus 96.1598950179323 115.0691406576 15.8171362067115 1.57416497367021 -12.5494183152174 -87.640078034932 -16.9124186301939 -7.03662264136591 12.2261196848281
Teratophoneus 13.3837606181535 62.3195706344026 -56.2882611487558 -107.437903596298 54.7444006820219 -51.5471898718327 -14.2106994386894 -31.3069628491873 9.64983298466865
Triceratops_prorsus -110.597761458613 300.054755389517 79.9576251582295 -70.6630351667795 -96.8754478506487 43.0103943098332 121.485040538315 52.5408766606927 -44.0111586740612
Tsaagan -123.76168217932 169.165312345442 -41.3000988134948 -109.518740155589 111.21707390328 26.4017872112692 -35.3505227998227 -34.8847239348468 -3.94572092043322
