Alioramus -2.87920936097632 251.973277329298 11.9457483479103 -7.96586095223606 17.9324853529646 63.6441096861025 22.0496246737281
Allosaurus 72.3434491458335 213.948726636054 -70.2175093100012 0.0722575307854264 18.6343193725968 30.5293851347456 27.4717204672243
Bambiraptor -122.549912287218 226.968399576245 38.7925062090443 6.93732156192398 -26.3229281928252 40.8057165027963 14.9243623409476
Brachylophosaurus_canadensis 80.5887608835193 200.356398794312 -21.2340799364 27.0750655777341 49.8998091628411 25.1982534318733 18.0938840389387
Camarasaurus_lewisi 205.06403475898 -261.09434829995 -99.563136412315 7.05306563823194 33.0599615323454 17.8824584961144 8.33177042433291
Carnotaurus -164.61834157512 85.8872054035871 10.4775088166025 -2.30450447269402 34.9341694511556 33.4349665289623 2.05612300127629
Chasmosaurus_belli 76.7972145642676 -396.050662931771 -86.3280836888339 -76.1252329768167 134.020552823483 -60.0605002007947 28.0380696985117
Citipati 131.743591831193 -634.29173649837 -180.261488635813 -13.0303142620632 4.68845963365329 189.622832278195 -92.487830840067
Diabloceratops_eatoni 176.618861115331 -198.281526415675 4.15348646438884 3.70004889932375 -3.55279558738604 -14.6185251772092 -56.7072693653718
Diplodocus_carnegiei -345.798203307398 -477.499457305843 83.1961829335267 -114.811656396839 -65.4540490274152 -70.1297520173418 20.891459137091
Panoplosaurus_mirus 141.682246075101 -328.720464027943 -83.1556615669728 -40.2695865383864 -107.143872313822 -108.621046644827 51.3402086677253
Edmontosaurus_regalis 197.725016674102 39.0488269439604 -146.448828693115 179.843418092717 40.1650090938184 -51.1649767277256 65.142277089151
Erlikosaurus 58.9773464473723 71.8743377761831 -111.022315655281 56.2566375253178 4.66815912896611 14.790594098787 53.3503515869715
Garudimimus 12.9650097581341 259.433985811429 18.9008043284735 3.79865165685363 -22.0403265112252 77.2666678064617 20.490613573816
Gorgosaurus 90.4094978101737 201.361992880591 14.1797247227716 -17.0395238958375 15.3307376900716 52.1536337267305 25.4579517269715
Hesperornis -555.976340651099 235.742583061574 -34.5496024754296 136.452125418928 -29.2755126032227 66.896087534981 24.7389981371852
Incisivosaurus 221.258886203256 70.101022395391 69.1845972363813 -19.1587160141895 56.187740002384 -6.83147682022125 2.34211272685112
Lambeosaurus_clavintialis -655.553470803683 124.655684047498 0.616090000273797 92.6249301353056 122.943102799708 69.4656168088496 51.0732767006652
Lambeosaurus_lambei -689.700954626462 201.942307847474 -104.614915129942 60.2216196698788 113.729684249293 46.06495240364 34.5739376379981
Majungasaurus -92.3084156403362 165.817938998732 -8.75115532018921 -22.8656151352075 44.6219047020397 44.3268158162434 33.4580918661857
Massospondylus -7.87163479715521 7.39235932345237 6.19267189008825 14.5308942706838 36.5778673331237 -35.5802630590137 -34.7720243140861
Thescelosaurus_neglectus 89.0502106198305 23.2063701023754 7.80768565250332 -18.9643780316043 -69.6313581054102 -25.7681280914225 -14.4470581920436
Ornithomimus -90.0988324712702 294.022461730481 27.1528542093596 32.3762299473211 0.877281290191293 74.3736754348526 13.0728831083195
Pachycephalosaurus_wyomingensis -76.451513414157 110.215789149014 -21.9044293489297 11.2858665393909 -65.2839254781253 -7.67561756556688 21.9346185367876
Pawpawsaurus_campbelli 34.0318244897367 -189.905895543972 14.7830219228556 -23.2544901916368 20.6675233749311 -28.7702069427771 -19.8309968876187
Pinacosaurus_grangeri -223.25238353501 -203.737211560396 132.946052721728 -41.6990322616827 0.426906285744378 -139.676744442348 -13.6049721161561
Plateosaurus_engelhardti 5.85817820494024 47.6562607638092 5.23432283793673 20.4999074600081 -20.7230635905875 20.6489996604047 -17.380476930231
Prenocephale_prenes 18.4592653840869 41.9909173044329 76.7067528345771 -21.3964590032428 -144.62751652788 -23.4682423561545 57.0063159667496
Protoceratops_andrewsi 12.7275950852957 136.506570827832 -18.8986368891374 -9.8273195500035 20.5599430242614 4.70161418294195 14.6503840739949
Psittacosaurus_gobiensis 306.853353353082 -84.914960772756 43.4563274302532 -96.4277043610022 58.1159959193332 23.8304047297226 73.1517414339412
Stegoceras_validum 21.5842902940868 101.976861472942 -7.02039441597669 -34.8903742283979 -154.15996018793 59.053757188603 133.238964857745
Stegosaurus_stenops 128.290904731859 -2.44635848996791 -28.6848487871267 3.23171184188423 -21.2946218145962 -12.9988808246292 29.3401529121416
Struthiomimus -72.9289719551221 279.249841356216 20.0592067041054 20.1726333589185 -33.7690964154927 74.4825907375241 7.58089515130343
Tyrannosaurus -4.10912262539294 231.221371261123 127.371755825236 71.9662678947068 7.24321440355732 14.9264053658234 -2.99164450946704
Teratophoneus 6.5023888847128 234.296054614969 -3.55698542242423 2.73148835533729 16.6126536460009 47.1920190311142 30.3042548845308
Triceratops_prorsus 419.685975420743 -259.244163073172 18.4507922040518 -96.1469269441448 140.001945819675 -34.9015078594299 -26.1465764587477
Tsaagan -20.1432424127607 241.753532884185 54.3440625267693 -23.3982828139036 -40.4931355498194 60.4288700361326 -4.47397479855714
