Alioramus 9.25184085200092 -77.2687842364313 41.3678603920676 -35.4644617040664 -28.5365150498101 7.95824795693876 8.74780932658268
Allosaurus 170.182535862152 -48.3114894157342 140.89944703793 27.9100846515932 5.65859532502529 94.1718349869747 60.2012673041356
Bambiraptor 274.202103847886 -281.217215672812 21.1744323413921 73.1621231958357 -11.6666612352286 73.5684355291268 2.96127513995084
Brachylophosaurus_canadensis 298.19068662271 8.39391986179897 129.662280765346 -97.034116277696 -33.6749873590534 45.310123526157 74.1350738438613
Camarasaurus_lewisi -214.495836578568 198.118106397566 29.3824712574217 26.6474049751454 6.07750606371053 -61.8859125466143 1.43590497348255
Carnotaurus 167.382111658236 70.3504641062496 -128.885694168366 -30.6181934948292 -4.08734334061002 -102.58119409632 28.1423766050391
Chasmosaurus_belli 91.1636761045919 -343.970837665183 -140.526407851315 -32.1553941962536 41.328996598191 49.9898170390792 105.229189839395
Citipati -155.738034366989 53.0288933305192 46.4460110563069 86.8486148569726 -5.30463626621083 68.4486192847667 -14.2639327284418
Diabloceratops_eatoni 56.1356177758806 -12.5674227686104 -205.554182483155 -20.3283982186536 9.6326885957699 144.300065209311 114.555766237697
Diplodocus_carnegiei -34.0976622002468 360.010460304304 -28.8204845745393 -64.7461696821335 -53.6702632449808 -129.332883052552 -5.25208803285931
Panoplosaurus_mirus 116.516462853076 -57.074778413656 -99.5908331614788 10.2203044231864 -36.1373558914313 53.5033119492135 -63.0287482364219
Edmontosaurus_regalis 255.508192428635 160.115377100529 -38.2052175311705 -61.1888476110353 -98.6303365908299 83.6835502897942 25.7574810520809
Erlikosaurus 25.0248301640694 -127.776679304838 -22.1001748988879 83.368640394615 53.9622965674904 -0.103727165768579 -14.0887434015584
Garudimimus -204.404021672232 202.270001874009 -28.6036822044778 83.8826059915715 32.4630273907428 -58.0185590779735 -14.4803588182072
Gorgosaurus 26.8188505684149 23.3991505457413 68.8698111454489 -59.2618478724305 -22.1502131942486 -14.4852709066256 42.5509002809538
Incisivosaurus -168.762458544817 -189.035073543293 -36.3874658012992 -51.6641908838993 51.7085435125981 6.65921196421606 -4.40969119468272
Lambeosaurus_clavintialis 645.033722052015 75.2027713017126 64.3185305028869 -16.1494447839798 -55.6992076786737 31.3020083242469 98.8779524154747
Lambeosaurus_lambei 270.813371202145 81.9622702986195 85.8332250654322 -60.7374615498064 -66.6934505703679 39.7281018490631 102.95553709389
Majungasaurus 187.446214465671 182.87928921054 -48.1729036653182 -7.76891079725573 -52.1869121642795 -48.0727401873471 1.15450772803283
Massospondylus -90.5869824716386 -43.9102217509895 7.78267904646536 73.0262527520053 12.4718156114373 -7.70833661415179 4.89913143027967
Thescelosaurus_neglectus 241.202314081556 -69.512440246758 50.2931396503653 -49.6857096626776 -12.21279269028 -4.93217637124188 28.3622517416
Ornithomimus -88.881585210211 245.782142793074 54.6474546906904 49.2914794846876 31.1962806148432 9.37319721673008 -12.1447378234574
Pachycephalosaurus_wyomingensis 193.062348107008 183.707211000625 -74.1432033905465 96.171695933865 83.3907316820544 -62.9043309771963 135.92256768054
Pawpawsaurus_campbelli 253.405299246294 1.85971109993393 -213.049474117994 27.6065960929398 58.2168516573105 27.1300093213626 34.5376139503253
Pinacosaurus_grangeri 484.446943643856 193.103120867636 62.6374323587233 -161.157116419367 -105.389817467381 106.511675991763 74.5916611765836
Plateosaurus_engelhardti -104.135740521136 -90.976875980214 -4.05464604318296 -10.1270679992222 4.92634475652043 44.0788792125292 -57.1661675944074
Prenocephale_prenes 474.721400362337 165.05384452251 -48.8817987973167 -62.2953539034691 -43.1775629501659 -62.3641949064871 48.8915014729899
Protoceratops_andrewsi 289.853987006565 -150.177263266403 49.0315340860853 -33.756131677924 -4.02320088971973 9.33889402100624 27.9181608491722
Psittacosaurus_gobiensis -10.1775988994193 188.723072880354 32.4796857749877 7.05381569895424 -42.7994397883789 -36.6412023414396 29.6319881485914
Stegoceras_validum 528.1856786032 -28.2488738292131 -169.03893327937 -122.707034660039 114.896030958121 -26.7727902855526 48.9966309014307
Stegosaurus_stenops 117.103606370371 -27.752901825971 13.2072966023306 -67.3716338111539 -8.612797094143 -59.830993797777 59.9907195712116
Struthiomimus -140.502704481306 99.1780865733095 -22.1890340579762 75.5179699598649 -58.2754434261499 -4.37486076956153 0.761382677578345
Tyrannosaurus 29.8923948277162 175.754033586537 -112.337070205503 -47.7655832387261 -23.6279927461626 -25.7808389477515 -21.2245354944211
Teratophoneus 33.6663913486857 43.7728808635461 -65.7495813841538 -20.7071270770271 -21.335154714154 39.0690174001322 -13.3578879647983
Triceratops_prorsus 302.164707669803 -46.4532184869598 -339.255185998333 -161.680723412381 8.30282323631072 41.6947504525972 160.222839810486
Tsaagan -121.990155850853 -285.350532300207 -101.246476038287 129.557194373379 65.2850766369893 42.9406752179382 -14.8503588919115
