Alioramus -539.728597627152 -166.884902396017 -260.433499737765 122.825088134632 71.2700303446433 -1.47639812835838 38.276525078106
Allosaurus -39.3005762370952 30.8159166148472 -150.215275428896 -2.97702737755397 9.7018138355131 -38.5416145768187 -9.7252962514045
Bambiraptor -319.832239989707 -61.3144735197516 100.314816329464 -42.2002233010036 16.0939474933874 9.10655088065691 -22.1955579247429
Brachylophosaurus_canadensis 193.14269686635 115.351326949406 276.37288081758 29.7914071828386 4.13987716532481 15.1739633388112 20.0454161523924
Camarasaurus_lewisi -444.333332153677 -28.5424813491872 30.2884119323009 -2.39928597943922 18.5863924207671 44.0047472793402 -48.4972393697411
Carnotaurus -142.576434045118 312.047982294293 77.6311236416235 17.1433273517099 18.7237563962947 35.7670004948973 -48.377405940189
Chasmosaurus_belli -215.857637704987 -202.716830228578 205.23165485491 5.85176629214139 37.0002761835997 87.6321322563995 27.723451929122
Citipati 174.287943939886 241.678342033637 -11.0478947808961 -120.963303194583 -69.8857872275012 30.1892897658509 7.11439177182663
Diabloceratops_eatoni -28.9931171819073 89.3522149061264 213.083873047504 -13.9542106122106 41.8509134549769 16.7800664222863 -2.60320414292264
Diplodocus_carnegiei -625.673660971327 9.58960440848715 2.64707981497712 17.7712537890376 5.42973042511249 60.6551432429842 -39.9792929657943
Panoplosaurus_mirus -45.2033669308079 -320.555829821217 338.746425155995 96.358160910239 -69.227296314591 -3.2724121022772 -20.7363203556744
Edmontosaurus_regalis 234.201581507677 -51.4626282236666 192.727434379122 20.36282193092 -10.8740506260305 -0.689266771525629 33.9915160137731
Erlikosaurus -208.146033435552 -270.893858769779 -161.489444597358 1.60382491653678 36.3109301017742 -32.296086277496 6.20259296603377
Garudimimus -174.71990018961 -312.236165012616 -231.968650698201 -18.6495719007503 30.4357225119655 -34.7637951645899 10.3524499672102
Gorgosaurus -189.894709591336 -164.455255668164 -187.715024387836 36.4104430519474 192.698842069237 -37.5979459759482 28.4938263121994
Hesperornis 400.724246392752 -103.510631903931 202.036869240546 42.3354764711947 -11.576740547647 47.3911933306236 -10.0464561227096
Incisivosaurus -506.189940994908 297.741203170771 -107.596265607315 -66.6241618731734 25.7824711839915 -41.1519259038584 -26.0398252371242
Lambeosaurus_clavintialis 198.644995878009 -64.9731339609439 124.126317257579 27.3502890401477 -17.2327754853622 14.0635112651873 11.7350042664558
Lambeosaurus_lambei 89.1876790318146 -78.871929064307 177.020594628824 2.19378241544377 6.46799680891789 -10.1428609199797 10.7238259692683
Majungasaurus -175.446061290017 104.082577673616 -64.8026036437108 -21.6239254757427 53.7386657084684 0.737131446480481 -20.8265650145685
Massospondylus 150.040968374229 8.69749345156913 -86.087272626712 -29.6218420977457 -0.10406469564218 -1.00593394304622 -16.5891984875204
Thescelosaurus_neglectus 257.564694620317 178.965795166341 150.428695529644 35.1777785750795 -22.4588426944048 -9.81538804236357 -24.1182910658196
Ornithomimus -176.520981566302 -205.164391222388 -153.745550199309 -13.766321957876 -5.02912598700098 -16.0408078217447 37.7878542287656
Pachycephalosaurus_wyomingensis -29.232651822249 -140.240878303501 202.033279591295 19.727058867104 -74.055338844336 1.33597693391014 43.124351221349
Pawpawsaurus_campbelli -88.8234414869745 1.11547102751879 292.973072470559 29.2021955124443 71.1639242866992 132.98864389963 158.426751205071
Pinacosaurus_grangeri -45.787773971362 71.7415386384583 215.684320807315 42.5596625416713 68.1947420258688 54.6951845380078 110.428950439297
Plateosaurus_engelhardti 219.642248857441 -26.2064196758492 -33.2375108049846 -3.5096988120111 -23.33222180934 -13.051417480727 1.30212016294067
Prenocephale_prenes 28.610852417822 192.785819551197 126.305304797925 78.4248175687177 29.9136069461322 18.430789723097 -12.1949467683759
Protoceratops_andrewsi -239.814334995101 267.343075493366 -6.68481007674019 46.949854021031 -15.5262142119219 24.9470562359172 -20.3912867977569
Psittacosaurus_gobiensis -120.836347730493 228.777277303628 155.211492883433 38.4206423663817 0.869373621449499 -7.39737712636714 57.5652207753136
Stegoceras_validum -243.973354750777 87.1925236138649 156.80099052726 76.4915244568052 -30.9525276133471 -70.8250935127989 98.0079674577357
Stegosaurus_stenops -53.2277065971145 -212.547964453429 201.281118135129 24.7998363921704 -11.0243281841874 -19.7839434218514 46.3475812973436
Struthiomimus -177.865249726046 -215.794904629009 -118.556425523117 116.324946099018 1.0048015212457 -22.992489556706 38.120370595913
Tyrannosaurus -230.976189760602 -13.3270297517354 -77.2610504181604 8.31547858731163 48.5499486064857 -40.4879843560325 16.7950883769506
Teratophoneus -486.562695477865 -71.7563981005956 -171.792424850875 1.25214365605761 4.55308109901993 0.0539095377593255 42.2856009577945
Triceratops_prorsus -10.6589482967433 20.3931364411308 238.094307994134 -8.04601944757148 6.71363093468534 -49.2970160135741 47.1635334940503
Tsaagan 128.948452070103 -19.7770121756337 -1.99684989362143 -20.8301971101606 -14.8611895815189 -16.4918595703389 20.4716330003112
