Alioramus 12.6057598891987 -76.9259613407137 41.2777552455726 -36.1216974596117 -28.6485544863067 7.86703409612529 9.61350713293461
Allosaurus 173.534080161503 -47.9723341082133 140.810920818404 27.2582913875905 5.53836306081485 94.0729749839585 61.0737886018307
Bambiraptor 277.549418999697 -280.880629258843 21.0871348873967 72.5118936037807 -11.7907288756359 73.4747881868666 3.80411697957667
Brachylophosaurus_canadensis 301.54692252362 8.73310805448139 129.572950245206 -97.6951736624546 -33.7810516740172 45.2113080198572 75.0146778483939
Camarasaurus_lewisi -211.137527583492 198.463505446224 29.2928055411863 25.9976955098674 5.95910384600139 -61.9745124394396 2.28315342060979
Carnotaurus 170.739671205958 70.6917319437476 -128.975180551483 -31.2726255690951 -4.20161116879865 -102.679231775613 28.9486897898752
Chasmosaurus_belli 94.5132715009768 -343.627283232907 -140.618637422916 -32.8141944096647 41.2109703924484 49.8793220034447 106.088163461762
Citipati -152.384164823639 53.371926313635 46.3575820038109 86.2021002616767 -5.42877359124353 68.362048789801 -13.3936243489934
Diabloceratops_eatoni 59.4913575393358 -12.2235244874814 -205.645464316402 -20.9830329242833 9.51475109881559 144.191122183973 115.432464648297
Diplodocus_carnegiei -30.733626591552 360.354581851603 -28.9099442340471 -65.403147145979 -53.7778674828391 -129.420757377044 -4.42733199426724
Panoplosaurus_mirus 119.871612987525 -56.7343601557846 -99.6790717731964 9.56829511265634 -36.2526505348014 53.4192785600509 -62.152776540111
Edmontosaurus_regalis 258.868672720468 160.455026535932 -38.2936257885241 -61.8515275018157 -98.7389489186762 83.5902682212922 26.6486596609252
Erlikosaurus 28.3761407795915 -127.435899524612 -22.1884427086824 82.7242259752514 53.8369960562083 -0.194102461641032 -13.2261144068843
Garudimimus -201.046375389394 202.614889176337 -28.6928760355541 83.236367029656 32.3372806423309 -58.1090323263645 -13.6380742614073
Gorgosaurus 30.1746051143846 23.7423661324658 68.7792538639978 -59.9203259027031 -22.2606693877122 -14.5810208534705 43.4046122485881
Incisivosaurus -165.409772193223 -188.689102089341 -36.4789994017966 -52.313102295066 51.5984559382057 6.57072624831111 -3.527544682026
Lambeosaurus_clavintialis 648.390693272135 75.535130565095 64.2328733157816 -16.8087557703743 -55.8139970502792 31.1995242221537 99.7521311773783
Lambeosaurus_lambei 274.170860372347 82.3021516532719 85.743725735266 -61.4039165841803 -66.8052483257397 39.6236846557189 103.821930157771
Majungasaurus 190.80485547434 183.219400063331 -48.2613214823041 -8.42512841912816 -52.3024411340062 -48.1670267245487 1.96881806518362
Massospondylus -87.2339924415519 -43.5673464492085 7.69363884216204 72.3760967321709 12.3473611605723 -7.79991965267609 5.7588421438447
Thescelosaurus_neglectus 244.556654120209 -69.173367805934 50.2044674613051 -50.3404659384457 -12.32293902592 -5.02539290747668 29.2219082088551
Ornithomimus -85.5232327070037 246.125009171293 54.5590623080571 48.6472439359278 31.0757586182371 9.28479302979432 -11.2782189493117
Pachycephalosaurus_wyomingensis 196.420252476606 184.04762597182 -74.2319915772399 95.5192521959954 83.257384367385 -63.019754815832 136.788308093314
Pawpawsaurus_campbelli 256.761427588558 2.19895948272827 -213.137794366779 26.9614278792691 58.0958416561084 27.0297414628704 35.3839968423358
Pinacosaurus_grangeri 487.807560247573 193.441319869129 62.547675070672 -161.826051349411 -105.490109406899 106.406687177705 75.4207944764525
Plateosaurus_engelhardti -100.781774553812 -90.6339017766581 -4.14350952408242 -10.7721759556791 4.81539160870853 44.0007386811313 -56.2816311999968
Prenocephale_prenes 478.081713260592 165.389707401487 -48.9686644718986 -62.9511858608419 -43.2860129826523 -62.4598207522186 49.7276494971497
Protoceratops_andrewsi 293.206107796039 -149.839465025114 48.9433580651875 -34.4082640781506 -4.13472762290957 9.24639547695446 28.7759776116699
Psittacosaurus_gobiensis -6.81823240541958 189.066356428725 32.3901809649903 6.39298786450463 -42.9175679061015 -36.7365659238323 30.5003694550624
Stegoceras_validum 531.543122022809 -27.9133263835421 -169.126417401353 -123.342740292187 114.7950849954 -26.8673279297968 49.8387642810217
Stegosaurus_stenops 120.460394128482 -27.4097790506387 13.1161508745023 -68.0366526572176 -8.7249593473214 -59.9332930850263 60.84815938459
Struthiomimus -137.146255786438 99.5221152304505 -22.2781685763112 74.8601889553524 -58.4001448123368 -4.46574591299129 1.6237847249278
Tyrannosaurus 33.2520824645507 176.097015233631 -112.426582942627 -48.4166786161711 -23.7378274618126 -25.8702841825666 -20.3994748937385
Teratophoneus 37.0230691751973 44.1153455952521 -65.8390268265875 -21.3596695828252 -21.4483661946369 38.9788553386942 -12.4968863655804
Triceratops_prorsus 305.523914274863 -46.1117590718151 -339.346033160785 -162.334325967595 8.20294127068491 41.5880767848464 161.082915646697
Tsaagan -118.642797529202 -285.007369723584 -101.336097951634 128.9127793881 65.1528011331211 42.8464229908473 -14.0008505964907
