Alioramus 54.6487282476572 73.2047988431063 -120.471741910236 -62.8879906462136 -157.94456667203 -62.6221057686522 115.053764650378 -4.47319796923776 68.2160843088164 11.4303388695855
Allosaurus -37.8751844686843 106.971933920975 134.593639866722 -71.8581023609652 -14.3331254546388 -7.7045463922573 67.2388937771084 -55.3053272756406 15.8914633213844 -40.839063250496
Bambiraptor 269.054532553646 130.272342417268 -140.555266466973 48.3397471202246 108.63540325145 27.208855853826 33.6261104664847 -83.4326833483796 -4.86226326461995 79.8281255957949
Camarasaurus_lewisi 33.3165626484592 164.234014702413 -127.427322851319 74.3453286885505 -16.8563488098938 12.6778904689152 -69.3898903777642 -13.1141175609258 -19.2279534415466 -88.5105228837745
Carnotaurus 295.646304483088 45.1004288718333 100.226454181604 -192.306513834114 19.2374109499758 -50.2500376051961 234.983271889424 -19.1618175335709 4.13250035114905 -55.6094530628254
Chasmosaurus_belli -10.3300651737114 -337.440080878376 -66.3843554145697 -57.8292547264174 53.5067954737626 138.227537654248 27.9644834429095 -83.6935481384962 -93.6094206824543 11.2345389227737
Citipati -55.519136816008 -285.881150240172 -127.138136338509 -157.086886189262 29.7153802753633 216.24868332275 30.4455232519188 -97.0717340497054 52.6348008121601 35.0763465684068
Diabloceratops_eatoni 93.4527194339028 -509.624196597651 141.866658504779 143.947671438105 105.623674233543 48.1322395567434 32.3127008021025 -69.8293512632579 -50.7209665941968 13.7021908903268
Diplodocus_carnegiei -25.9290277308339 373.714625458551 266.481203957294 10.5593376455987 62.5826321777054 141.148679852716 -31.7917091884115 57.7661547051852 8.2115105440844 -40.0977240913579
Panoplosaurus_mirus 410.022922932097 387.839400162803 132.411510431976 121.771013916055 79.8012521962055 104.579928960044 42.5014823547079 -85.2789937516883 12.5694669512695 -15.2059184837967
Erlikosaurus 39.3518673693388 25.8857934734553 -117.357662322564 -16.9649855393007 33.0045645150778 14.9014455293733 -50.735166041658 28.3671610461648 -13.185602681139 59.3726427270816
Garudimimus 49.1015177846583 -77.9486140878519 -7.61648503546544 84.3279915966968 -28.0350009144608 163.108594535403 3.53389745392458 91.2861042652254 -8.04952169434971 29.0691205923236
Hesperornis 349.929900733787 236.972925536128 174.799951172438 54.4173153663777 122.627847035805 38.6140405505931 42.3647978359194 -19.1306121565341 -16.4751803870546 41.3165006359416
Incisivosaurus -49.0472483869185 -118.886662521449 -78.1803681625585 78.3832342556749 43.9374008917824 27.8897306503567 51.7244099959936 9.97907968055774 -28.2261391431297 15.4522162172234
Majungasaurus 155.419683789744 -0.123268704387182 88.8302663009919 -167.533846783748 37.1286980824652 -103.612313787926 167.360117362905 -25.0484035462946 -36.2573240669709 -14.4616576323949
Massospondylus -132.173901451148 -61.5374819082376 -10.3374476669075 -45.8161488467613 5.79920712152492 -25.2358883103804 -0.804386711839531 -44.0031250288811 -13.2258808685583 -21.9957125445864
Thescelosaurus_neglectus 156.080161809761 -194.889781455388 53.0638284757314 6.81683564539806 129.570128378087 50.7197020301743 53.8713534594689 25.1150206103966 -55.5065662245248 89.8629196590021
Ornithomimus 424.031195074447 1.47130697187508 38.9919391407965 51.8402583783823 120.65323851629 116.782618779908 44.028418080332 22.2012761172663 -3.72574039069195 -20.2913559152523
Pachycephalosaurus_wyomingensis 321.432928026864 -313.597478242308 -169.007419863397 222.152448119887 140.74551842423 304.499718423025 100.919290592166 42.5264886142657 155.411631006173 -39.5484108436266
Pawpawsaurus_campbelli 178.254764263861 293.96091080174 133.013599013905 37.5037741247005 50.5750789534159 174.562181910661 -14.8834171540209 33.0378823698444 1.30724302866004 73.9896566146996
Pinacosaurus_grangeri 72.5320970726444 85.74541911963 28.1058730393346 22.0592891613536 -6.22553414092042 146.695567173312 -19.4233160188136 -22.7178949139122 -10.2427360864805 -25.7340577963162
Plateosaurus_engelhardti -78.3622411577405 3.69234857821021 -20.886990079552 47.3496138831909 -96.8304989517769 -96.2376019044136 -60.7028195011733 10.553209308766 7.02969256026785 29.7281837278963
Prenocephale_prenes 274.83184809106 -104.476670041487 -104.016524351325 70.6073857052312 174.602967739644 207.140883248096 69.8319472554176 24.255894589682 75.8607091645918 30.329908616988
Protoceratops_andrewsi 243.108772855513 -162.582177077947 -29.4217733291936 -65.2690871728739 31.6152859034156 101.762030470873 -20.2187243806533 -11.0847416460157 -125.061724690445 -75.4729849334289
Psittacosaurus_gobiensis 236.761175919791 -375.14678482905 -262.540959689843 -199.1933081425 193.267083320482 108.028495730987 105.442671026202 36.6874044777664 22.3547220099335 19.9362567866792
Stegoceras_validum 336.804256049585 -133.169198739676 -146.536204660595 215.158006640964 148.570435200814 268.65821426091 27.6532466990178 91.1661642347001 110.529560908957 -52.9756744664321
Stegosaurus_stenops 51.7494121505244 -131.654659990003 -40.3808747033478 29.3862380602374 65.5404099723025 76.4713576175678 6.88932185720439 36.3036661631632 -2.74294742470796 18.8039232878181
Struthiomimus 4.59932522499071 50.8119410114977 16.7057539620482 69.0908279831894 143.379274449544 115.649534988601 57.336907506311 24.385559554379 0.928326235912538 -28.0614004577057
Tyrannosaurus 152.355721212989 -35.1612507214013 -179.728533763919 -68.883792498269 24.0828142421157 -102.265936278754 157.238206950113 132.380194171768 -12.3510037860047 -9.79351492337562
Teratophoneus -0.264691382233885 -173.773224486665 -65.3674126551578 -133.762234010514 59.4670353516165 -48.2203426966382 -8.94982802012773 12.4378258997177 11.5594217883482 -26.6786724497692
Triceratops_prorsus 67.1428316400913 -300.883365622545 26.6594999093508 -110.9209735689 90.864966272679 -14.8838452151683 -44.3950631173807 -11.1568398983105 37.9245215467915 -0.604478594060966
Tsaagan 154.07185243852 -90.2254857533468 58.1706468770441 -67.4104860179742 24.997891038569 19.4062048187576 67.4728108449274 -43.814184820427 -23.6309350915387 45.2808291537411
