Allosaurus 60.4218341867523 158.9742737689 280.371937969258 -56.0665042041125 37.3911945840281
Bambiraptor -43.6795397934265 444.112138850669 189.560024191599 53.3456805927493 -132.038816271197
Camarasaurus_lewisi 15.8075495168407 142.338121006515 -212.737799360333 -132.488524120497 -78.1692867630144
Citipati -252.02958397317 249.709842411749 51.7856552329885 57.7637882734093 8.90763675996843
Diplodocus_carnegiei 28.0952993888304 50.7129714580995 -398.223423648441 -180.620795573582 27.8112204944615
Panoplosaurus_mirus 0.157585829695057 112.21788554782 -250.125050472848 -34.9151114325158 -141.542475423225
Erlikosaurus -139.626265198168 167.097954553367 -40.6029915081803 69.4490528281711 68.9182460437117
Garudimimus -235.547581124263 -29.2550274126394 -118.685268738561 57.7162213428961 -78.5514828180636
Hesperornis -217.424809276796 590.31046772507 100.167467420772 172.65420243258 149.579381447309
Majungasaurus 153.845295932117 281.708491770793 -67.4883709775121 50.8438387532401 -0.834594735351902
Thescelosaurus_neglectus 9.12780612318599 301.488783056495 -56.5744961408981 159.08299474707 -62.6921702766488
Ornithomimus -194.183689690092 251.773935064821 -64.9192564063641 27.3891080132971 -56.9181199085088
Pawpawsaurus_campbelli 12.7667461794229 181.034761431077 -67.8187494495798 -83.0704550926699 -141.647347355698
Pinacosaurus_grangeri 42.1507963655171 186.361837554946 -63.5347837537316 -150.42704577433 -39.1576224532226
Plateosaurus_engelhardti -11.8893166556951 -342.839099786246 125.433409456375 61.3995795916806 39.4651874965932
Prenocephale_prenes -7.51298009366715 212.597817943661 -73.8176339714869 15.8575962340634 -78.4929721021814
Protoceratops_andrewsi -98.5327766488363 293.88709827755 -146.207750336993 48.2163505931181 -139.797668009657
Psittacosaurus_gobiensis -133.029121280022 262.043986243253 -54.2412252488899 -127.85954683925 -142.489465277758
Stegoceras_validum 67.094424138948 225.971604627802 -42.397946262987 65.2382078806035 -151.76879571857
Stegosaurus_stenops 135.256052061442 284.498122784992 -85.1260717551208 -30.1190905503863 53.7948958822997
Struthiomimus 180.032739706927 227.577773974445 -81.2302781702032 33.6363671584125 -60.9150614720963
Tyrannosaurus -125.005587258521 330.572991539127 -3.82464694190003 139.808572185584 -69.0936200695363
