Allosaurus 211.153778245914 269.415678608104 -1.96708693378085 81.4079058786172 8.85301611522198 31.1243479607011 91.612486682969 -4.10000209303073 27.6629226111804
Bambiraptor 54.7387916994101 58.8288332529349 -50.0230408883 -121.263653051123 -45.4142697603974 91.1069154775127 -49.5265480922115 28.1526093826621 31.5302110171458
Camarasaurus_lewisi 119.581233179667 -53.5124300644164 -19.1106244431265 13.3159111376141 -17.4712741056246 68.1482514633357 75.6117615959023 -29.3664707661505 -17.7518756569352
Carnotaurus 137.375298103553 162.617811722075 -15.3720412814444 34.8797804977473 -28.7239932361315 -67.5063624307108 26.743559624002 22.3475515357331 -4.05580817478135
Citipati -12.857918238141 82.3777428759009 -176.528176168997 -21.7746932817219 -121.785465030116 -13.5838001303261 50.9352256673673 -92.6198161709366 21.2758345022944
Diplodocus_carnegiei 46.0251924420633 128.546478063332 1.82669853080731 9.70940178028332 9.84795490250735 92.6876601709201 -2.33939902433076 -19.1063907203215 -22.1894108843279
Panoplosaurus_mirus -43.6029122669595 32.6022646386726 10.5173730115379 -42.9108302447504 -7.24639278680668 103.071479140022 -52.9789622177282 21.3767416671651 -43.3790229089356
Erlikosaurus 33.0830645736236 79.2170569583516 -45.844252710912 -34.7313437080648 -20.1060401563661 14.132319338754 -9.11734327870279 49.777495859066 5.48310212960848
Garudimimus -49.2165145317848 -65.8819343447587 51.1062572358162 104.3225639784 -30.9028399964168 9.08790514320299 -36.4146820477139 37.2849119972137 22.7978886738095
Hesperornis -96.9014647458692 -125.60668346985 44.9981765225473 -63.6178567206913 -202.024665831973 8.58081543233486 50.9142514085139 47.7210794678879 36.0365310155326
Incisivosaurus 117.083145744935 25.4642087274619 115.592048137425 6.91386511461598 14.6076872085656 -38.9599252893458 22.6035125759206 -40.2891299850446 16.3190602791043
Majungasaurus 201.553670657226 32.154063219423 125.515967821412 -53.8056664039313 -14.5392328169961 80.699492470062 73.9934475907007 6.15690681548796 64.0987784502399
Thescelosaurus_neglectus -9.15223174414362 -123.408797389417 4.73702785910731 -105.896136595862 -91.4162791747726 -28.0755703551171 -12.6729866955697 19.9463761787704 -33.8919752883413
Ornithomimus 176.552390123943 -71.9378478213253 16.7213702354751 -86.0317515026582 21.1703208561401 -50.2413156863646 1.36931546414975 28.5219278213356 24.5491881461127
Pawpawsaurus_campbelli -34.7270465174119 55.812427831054 -42.1045643411849 16.2792463074269 4.77249445890645 28.6230014472538 -1.97921165711105 101.832286300597 37.9965840300565
Plateosaurus_engelhardti -69.8573401394149 -96.5286222476276 -7.2718285548607 22.1336573484444 13.000943928588 -37.1605121225561 2.40185794440473 -9.04406886795273 -7.27746398108883
Prenocephale_prenes 8.85476434590458 65.0347402259453 8.10404510092795 -161.076180707337 -8.78676571081973 25.3451287368145 -86.3438609164997 -45.0942728430972 -6.8197668400544
Protoceratops_andrewsi 69.4582783118372 169.259873245828 8.38395336032236 -134.145496612162 -21.7439701615402 11.6807121079923 -50.9916750817134 69.5321272080267 -92.0493999684975
Psittacosaurus_gobiensis -90.9699942824178 113.948868070647 -62.3549100864031 -93.8628938201043 13.4750680493426 -28.3787702391567 -128.806167485513 -24.5442309169317 32.8949038743129
Stegoceras_validum -94.902162632407 -82.6122619616916 -112.230851604684 -128.898341860533 98.8830411589673 53.0012075650214 -70.0770402101944 -29.5179145042095 -19.747286417307
Stegosaurus_stenops -56.9464439263356 -31.2027502848718 58.0130220756258 1.16004249579742 2.21922639515522 -20.2324900151128 -50.7468915234059 19.6030911120802 6.64452936029896
Struthiomimus -49.7350966766069 -37.8785163763787 39.0365133297942 -95.355357838456 27.0377768347572 -50.3886503455878 17.6265142639713 27.01068489233 23.0537174055136
Tyrannosaurus 51.5627334231718 220.915016019144 -17.8959348519105 -161.590155227686 3.73814450060483 26.8984362870012 -46.5024256412077 108.908495201987 52.2031059235836
