Alioramus 64.7669086684185 -153.603522484308 -41.7695710505253 -0.65229726183747 4.04419411547829 46.4065521155342 -2.49450918360848
Allosaurus 87.1188127045099 -130.556680807167 -68.6638102069995 -77.7883689952775 -36.7136192586474 32.7414717349949 -3.11598533718352
Bambiraptor 102.716061890771 -87.6917799166362 -49.6440636320031 -34.9794354565763 -17.4414819144942 13.6063317940042 -22.856940344756
Brachylophosaurus_canadensis -374.59312054457 -333.143277896845 23.4962029184341 59.3386332468692 6.46547399084538 53.7837549048974 33.9573091492438
Camarasaurus_lewisi 190.618745905012 141.021160370876 -46.7705145204551 -78.9859730835898 16.0712499464533 45.5957222623164 -46.1964887627619
Carnotaurus 33.8054189505 112.710139238924 -77.3721727170931 -74.4229251614292 -15.918499587505 45.6915885241847 -42.1079149746645
Chasmosaurus_belli -317.267299880246 -194.193218537095 -135.686659660082 -91.3469153997441 -62.9783714122335 -51.1172174249209 20.9339130414622
Citipati 68.0906034635742 129.968621316018 77.8386007545412 69.433766424883 -12.8021344797076 50.2927931310455 53.076448650769
Diabloceratops_eatoni -82.254724925841 110.035933983347 18.3532871711093 -2.76133243269078 -87.0156263950717 -133.028991508075 118.486028041013
Diplodocus_carnegiei 333.327021612291 55.4805763713693 198.002641780431 263.823381868219 35.789928794391 27.3037709939893 -4.32719685376055
Panoplosaurus_mirus -585.303279210048 -65.8966045828761 -165.071166705301 -13.9005333060617 25.8533305914896 -83.5003576903283 -105.758646247414
Edmontosaurus_regalis -471.489196957284 -331.439023919547 -93.625547759355 37.4208811926621 -87.7916347849253 -71.8409803328149 13.2360411630103
Erlikosaurus 80.4514475606982 -113.018561298537 -175.679571798049 -128.323562292078 -5.51107892084433 -10.6383760729046 -35.0188053436656
Garudimimus 195.269586603413 288.975886097888 -241.100248556571 -181.03519647901 -35.1767567313539 97.9945838461987 -67.3381389505616
Gorgosaurus 13.2165715751093 -139.12997723545 -29.8844301804351 69.2107862524878 -18.2345801581825 54.4320313307064 5.7671421584842
Hesperornis 327.976181860032 -255.160958568084 204.808383347569 -72.7032556788323 -15.309244432013 59.010791493071 14.2135455583294
Incisivosaurus -97.8932900719961 67.4083944261207 41.9359868848453 163.346605077879 74.2771498822285 -131.137366489047 -33.4443576204567
Lambeosaurus_clavintialis 329.682632569966 -113.837513049392 120.295786779334 163.731740100085 -51.7303067215418 63.4228423279668 -42.0014952706479
Lambeosaurus_lambei 336.696326721382 -132.901918764303 -105.624060051318 230.160105849846 -17.1199016909894 83.6662120340395 -13.1814222415078
Majungasaurus 144.801922741486 130.950969750343 -90.5551751485573 -108.843513296519 23.0409484209808 26.2188402791065 -54.4710839116789
Massospondylus 128.346811497687 10.8793371416591 -4.90572302128998 -42.2496340259541 20.7405418636524 13.8230756880272 4.84891683496791
Thescelosaurus_neglectus -723.173176922506 -13.5514996542558 212.827885256849 163.36224001663 4.12390754551504 -7.3050063488956 -135.631525581514
Ornithomimus 92.2869327572602 -109.854850268768 -132.493854121558 -246.991258906336 15.7333740005235 55.900953589883 -9.78126418109045
Pachycephalosaurus_wyomingensis -246.241213733948 -208.713128541566 -82.4474417810784 -127.505277208606 -2.695217462379 20.7321195919516 -80.4636652828775
Pawpawsaurus_campbelli -410.15983061972 8.55625933526383 -142.362438912712 -172.607900553481 -4.54392815802877 -141.360195721076 -31.7108576003288
Pinacosaurus_grangeri -70.0343203013556 174.937240393392 15.1538220564232 186.100019829161 84.8799701917231 -71.1010746560514 -112.821239901791
Plateosaurus_engelhardti 85.5563247492119 37.8380479778927 30.511043259807 -45.6022779553911 13.0046103701776 -13.9109382805675 41.4228987826066
Prenocephale_prenes -785.726826004478 329.055563382467 165.731923131761 -29.4298105137474 -65.7921206031625 204.288633927007 1.4446760657619
Protoceratops_andrewsi -219.506731547196 -292.707865995847 189.149309033476 183.547423177666 -10.4390188263392 18.6528709291348 -54.7648919091514
Psittacosaurus_gobiensis -190.544682844061 39.0603799818525 181.090976594842 290.192454374782 17.8406545194755 -105.280535442079 26.7000886132498
Stegoceras_validum -523.002520292855 -254.776222244353 -52.1273359770467 96.5805080455863 -254.705873063418 137.710009498333 -45.5215861262028
Stegosaurus_stenops -642.329326877502 -196.827308764267 -190.362107223817 43.6938263850268 -89.3533992475627 -36.6714942762529 -8.63261960438228
Struthiomimus 54.2610942518418 130.902114507733 -228.813022085722 -198.215746081557 -29.5826574219999 27.2183599171345 -39.7301694416928
Tyrannosaurus 9.35076253534342 -44.1490228572294 -55.1811357543395 16.2266654916021 -26.9112026952553 43.826025505093 -5.62607673393238
Teratophoneus 28.6999661816309 -166.5503054884 -7.25960454470523 47.8358083872937 -47.5325192689423 67.8571889402827 -12.2712271195054
Triceratops_prorsus -444.15609097771 -5.71259726301982 -252.278188512539 -55.9436279491959 22.4212336088621 -39.8469896324755 -38.0342711170444
Tsaagan -207.515023468896 -198.118293520167 34.3039683007207 112.571641162852 25.7023177415448 -49.5520749181449 -3.40281662848691
