Allosaurus 11.4585706927884 66.3180258359302 -29.69598317327 27.5778854048837 4.91421349805656 -42.6919390904953 37.4626879688462 -11.6540902814489 -4.7468864100925
Bambiraptor -134.080446033211 -136.443790415522 -108.897702533414 -184.677731380564 95.2178282362108 29.7357568522291 -52.770023068122 -48.9398229999948 -4.33085467169575
Brachylophosaurus_canadensis -3.99307964156688 42.8114448011974 89.0645641083237 -102.993933597802 -15.2699133601847 21.9922334452585 -98.1457701683943 -20.3734285054336 97.8628698401698
Camarasaurus_lewisi 91.0761201077478 151.340979512984 30.4116010794208 175.221160713748 -140.310679875243 25.8181980191495 92.237935513526 -7.20158801557759 5.57192334169758
Carnotaurus 63.1347730576311 30.3322208818983 207.451936624488 2.52355948043113 -72.0611371013993 -15.5778535762801 1.75350770313663 -36.852633198975 6.68429042972595
Chasmosaurus_belli -19.6442338408128 -95.2550323781162 -32.9279851975177 64.9354886278884 -44.8464468817801 62.8147300291047 111.617326541785 -10.3177236508508 -13.456690178998
Citipati -170.651898393321 11.0199485613324 -84.9999400325577 -6.13013156832704 11.6045511406951 6.5091531984681 -34.1757139501955 8.75027654610725 -9.06873327610879
Diabloceratops_eatoni -107.004822625603 -169.702364990126 -1.27849569620423 4.6502788972444 -107.505171341293 78.9744184756093 20.9731972093047 111.810696236146 9.53664123960853
Diplodocus_carnegiei 347.901784901416 -9.67805177332515 224.762456757643 92.8250399346159 -223.782309673987 -32.2254077635068 61.7666291372383 -98.3326839406757 30.0065493714534
Panoplosaurus_mirus -101.878566389155 -216.075607881396 -130.006625303481 -151.452366763014 15.0404555121396 -57.5497088849611 -9.04906742741069 19.1681977311726 -9.70375893298538
Edmontosaurus_regalis 49.8052612770372 32.8287750443428 -40.2059619435807 -134.755078465131 58.1606781889575 -21.5115179760268 -17.1676121837881 4.05541360941222 78.1323669482353
Erlikosaurus -107.122919975606 -93.9579295840481 -83.949855766938 -119.948154062364 53.167451383649 -41.3109324746559 -57.7035171598704 -14.7594727890583 13.0133156622142
Garudimimus -30.7702882686505 -44.7847655264875 -54.5481217323531 -210.54333136808 126.910702054667 -31.3534810413906 -94.4797859338486 -21.7902509990641 0.817130957047688
Gorgosaurus 4.41159544386584 -43.7623099846793 132.234589912664 -108.133911788537 59.168170229619 2.95277063793463 -9.4073352705848 -12.1312524716439 -17.8010218266929
Incisivosaurus -161.456449272015 -85.9167175901911 -126.722335102704 -41.4534545287169 12.5726300427721 106.046584777473 11.0462510642384 -44.3705937171846 6.9980774747944
Lambeosaurus_clavintialis -60.2770035091803 -36.9349616206195 94.1398885575697 -52.5959481925347 -2.02743584283072 -22.7008303057616 -4.67640116495908 36.9810258374197 73.3727557274518
Lambeosaurus_lambei 207.436403533511 -51.6003957544496 68.0782195453154 -54.9431788151052 -3.13583177168201 -7.57321182452033 -16.6836206825031 42.9447462058785 64.123786774382
Majungasaurus 0.966559739116157 2.77337551001116 143.391589931718 -3.94163500297651 -77.0936759175365 -100.611435072012 -16.4846602463555 6.15158917735148 -2.77200895994388
Massospondylus -40.6249685084457 -11.3387263858095 -5.08598125343866 57.5310207313786 -10.4624022098076 79.9212818574304 6.16222276644657 14.2802148234029 -0.643092458999332
Thescelosaurus_neglectus -21.4943541154948 -67.8983927701682 -6.66516406855122 -130.270446003351 63.388326603554 62.7301291983013 -13.0429075748804 -8.67554622066747 16.7004869546826
Ornithomimus -28.6664554955151 -35.5976971565966 -16.0240433080079 -220.89442437746 178.91494363113 -15.2479472600236 -91.83730889205 -48.207846601 -19.7974266641641
Pachycephalosaurus_wyomingensis 74.3402897521371 -45.7683762941124 -162.830139610705 -304.874172329324 -74.8956386078073 11.5349297382408 69.0053043704503 -8.07173694866551 -0.478374979743912
Pawpawsaurus_campbelli 183.377107667048 -63.5765602765301 -29.7425822430836 -260.911343391233 103.587225139076 -43.3045982669758 99.7356466186034 50.452918991724 112.231916121138
Pinacosaurus_grangeri -8.77911084970741 -3.9812969001278 14.5788247662816 -166.083400698943 74.7180746965188 -124.623634475127 -20.9438300950324 43.3326629824743 29.0059276531452
Plateosaurus_engelhardti -61.6796424605424 20.3616133307961 -1.24336210644639 27.4830129566051 44.0243298496647 -23.3023116072076 -22.8234804089589 23.1683532626548 -25.2102403210696
Prenocephale_prenes 171.94991615698 -87.0585400237623 -93.1831330190288 -149.642241560261 49.5189459350873 25.6433342014312 37.3429030109023 18.9756838549749 43.5054987221271
Protoceratops_andrewsi 5.46816864287367 -223.463147926879 74.2820963648462 5.95678079115858 -53.6259862136664 -10.1629221170939 81.6805226027914 77.7957666677654 -20.3658394113526
Psittacosaurus_gobiensis 61.1940080606882 -42.3273272044096 -83.0088303777542 -54.1358470707604 -19.3154136664051 -118.172814322319 -29.9938572385363 7.11611393080008 13.1335964770999
Stegoceras_validum 77.2186592741774 -315.239417957493 -99.7967986417067 -138.190436136279 99.6382401789204 14.8433473895397 28.6712091784075 -20.4009952572003 32.2958683445919
Stegosaurus_stenops -25.9721168653937 49.9168242449562 -160.871760801148 -88.648716056437 51.0375442147527 -3.16116768831022 -31.3358659792659 -15.4051686726611 -8.06184524586509
Struthiomimus -67.7279077981938 -111.243347402511 -91.3523880325352 -218.285141267961 136.368645023768 -7.88647434469859 -83.3003881436197 -47.1165864028926 -3.39339415716772
Tyrannosaurus 95.9721838804814 -114.487207226246 16.7673748395066 3.39459620978102 -13.1016437489329 -87.2497496857436 -16.7642986891367 -6.99766696262155 11.8744331557844
Teratophoneus 13.1928945060858 -61.7251683282276 -55.3082801014688 -105.629044182628 54.194175556819 -51.1489826066986 -14.0652288676821 -31.2537594895536 9.30224484258154
Triceratops_prorsus -110.786898007772 -299.47768644618 80.8927312525236 -68.7966834397368 -97.4456722023707 43.4292707613671 121.628598099802 52.5520914837338 -44.368846770504
Tsaagan -123.952968687738 -168.571886632993 -40.3356578778288 -107.70072721096 110.663737953738 26.8025083059597 -35.2111951567169 -34.8263452843776 -4.27937240679157
