Alioramus -3.78863880691796 251.46196784986 12.0338169559086 -7.77234445651429 17.9944137340402 63.6340296797128 21.5086792639339
Allosaurus 71.432931377088 213.436284006527 -70.1302202182935 0.265737946072092 18.6881936995953 30.5180058027952 26.9396289094942
Bambiraptor -123.460145428976 226.458176322117 38.8796857759001 7.1324307990156 -26.2638863744829 40.8103325864779 14.408149344827
Brachylophosaurus_canadensis 79.677943020802 199.84203752566 -21.1476148617333 27.2677882932137 49.9532936283349 25.1792272536981 17.5602667547265
Camarasaurus_lewisi 204.140287189294 -261.616483677057 -99.4956072750988 7.24410190456808 33.1133914303954 17.8676364706241 7.79960886450324
Carnotaurus -165.532429799719 85.3779565176497 10.5584702698833 -2.11124814726825 34.9909287795081 33.4214639193599 1.52988344835879
Chasmosaurus_belli 75.8690103520148 -396.565669785243 -86.2680188588207 -75.9326906828669 134.065990621333 -60.0679727971798 27.5577200487118
Citipati 130.8103867437 -634.80175941951 -180.213466534461 -12.8436087947337 4.77911980308798 189.598417660321 -93.0652488161082
Diabloceratops_eatoni 175.696579370385 -198.810491650242 4.22494560784506 3.89093577028247 -3.51194978120807 -14.6437230929115 -57.2142622879888
Diplodocus_carnegiei -346.729557907735 -478.020427314254 83.2551457236878 -114.613855008108 -65.4123866487045 -70.097165148674 20.4300077122421
Panoplosaurus_mirus 140.755214535438 -329.243149406777 -83.0902668035243 -40.0701904075057 -107.105879423731 -108.562120748956 50.9174368782314
Edmontosaurus_regalis 196.809664579752 38.5343930488766 -146.368826804173 180.039195612246 40.2125174163155 -51.1570128167732 64.634806675263
Erlikosaurus 58.0627704709134 71.3658260697677 -110.942079898247 56.4524852318118 4.728037556794 14.8057667125401 52.8383564611266
Garudimimus 12.0556681153717 258.923971709709 18.9886951991983 3.99370855304639 -21.9726014235531 77.2722842698064 19.9586694685626
Gorgosaurus 89.4983514257246 200.847001060539 14.2659096961362 -16.8454554054132 15.3910976426219 52.1469335989134 24.920777802819
Hesperornis -556.885641580945 235.246035464778 -34.4622177109152 136.648107884182 -29.2100652938694 66.894936120248 24.1839503883847
Incisivosaurus 220.344125573613 69.5730204499112 69.2669061969226 -18.9676907191005 56.2305685727071 -6.8615732267636 1.81139092405782
Lambeosaurus_clavintialis -656.466189116955 124.165992018313 0.696370054224196 92.820193454371 123.01567701432 69.448572649237 50.5000926417672
Lambeosaurus_lambei -690.611556410811 201.45514461947 -104.530026369818 60.416512325653 113.790247391292 46.0334395439074 33.9987940570615
Majungasaurus -93.2205357721175 165.311298355046 -8.66748133887364 -22.6709463798088 44.6835567611925 44.3213568506094 32.9215825398768
Massospondylus -8.78800954840343 6.86437237005047 6.27448906316338 14.7211847441646 36.607727996997 -35.6280035159158 -35.2987696885488
Thescelosaurus_neglectus 88.1332371763049 22.6806470056775 7.8891909669081 -18.7681234904268 -69.5909248107425 -25.7665149395155 -14.943972825924
Ornithomimus -91.006877392379 293.51521320563 27.2420865893263 32.570326621622 0.943233583812659 74.3689642798219 12.5331965788477
Pachycephalosaurus_wyomingensis -77.3657435823041 109.70094906164 -21.8206134425177 11.4835205834711 -65.2347058012658 -7.66042497011882 21.4321004057298
Pawpawsaurus_campbelli 33.1094741816585 -190.428242044816 14.8537979188594 -23.0615570997063 20.7108335088408 -28.7819615735 -20.3292819655458
Pinacosaurus_grangeri -224.175972463566 -204.269433369134 133.019523161586 -41.5038356427238 0.442029277396077 -139.692076112559 -14.0757652484455
Plateosaurus_engelhardti 4.9429165861672 47.1316913462368 5.31690378651379 20.6919367921927 -20.6782966255199 20.6206897196318 -17.927710690076
Prenocephale_prenes 17.5423341464786 41.4681491287366 76.7879610660728 -21.1951466915434 -144.576357629672 -23.41761451003 56.517716963034
Protoceratops_andrewsi 11.8145895724709 135.990188371584 -18.813990539825 -9.63357029439717 20.6076381693534 4.68686471869942 14.1256683157521
Psittacosaurus_gobiensis 305.933346594554 -85.4451988548539 43.5318384572964 -96.2341925634932 58.1694006425665 23.8148352764079 72.5741142717455
Stegoceras_validum 20.6691229526043 101.463943482081 -6.93838167346779 -34.6872093204182 -154.085977372701 59.1236621344211 132.696254344136
Stegosaurus_stenops 127.373406274647 -2.96691179634215 -28.605943308282 3.42817620306152 -21.2452767764007 -12.9903998362815 28.8299578713323
Struthiomimus -73.8375470998655 278.741356015492 20.1481436647896 20.367366202484 -33.7033024365945 74.486020309867 7.05375119449257
Tyrannosaurus -5.01941854518428 230.695733208105 127.46162342437 72.1595298592211 7.28867971079252 14.8950672562083 -3.55472562671945
Teratophoneus 5.59231364624275 233.784645856854 -3.46950627591602 2.92582709129196 16.6722839572522 47.1856351803557 29.7662684495067
Triceratops_prorsus 418.761657432087 -259.774874251068 18.5179672316635 -95.9579288739221 140.042986714432 -34.9387660157404 -26.6439080638931
Tsaagan -21.0531627591212 241.236970184255 54.4328486561025 -23.2043842793587 -40.4355373440135 60.421015382121 -5.00693678039196
