Alioramus 58.8493113775497 -155.047400446625 -42.4970391861893 0.290846320940425 3.43018840987708 46.0962625749755 -2.98219633986651
Allosaurus 81.2349904408247 -132.023693217193 -69.3875158476349 -76.8372167586412 -37.3389849567148 32.4375781420015 -3.60899404896015
Bambiraptor 96.8768712317182 -89.1800915410453 -50.3674512293618 -34.0237174297305 -18.0703781949236 13.295329515235 -23.3465397393474
Brachylophosaurus_canadensis -380.736572886892 -334.070038619427 22.761416098364 60.2141862213808 5.86902934242546 53.4927786890756 33.4663253964369
Camarasaurus_lewisi 185.062249571807 139.42994825096 -47.4831832512508 -78.0127125450213 15.4449578847116 45.2693030649826 -46.6977147095765
Carnotaurus 28.2123162440546 111.307132787931 -78.083705001372 -73.4713284230265 -16.5378400715904 45.3795835863449 -42.6021658513864
Chasmosaurus_belli -323.234095134708 -195.177048242685 -136.411163840398 -90.4547343880164 -63.6210924337848 -51.3964210811751 20.4320201075354
Citipati 62.5003157392371 128.511453083814 77.1209352678535 70.3920206582713 -13.4151924726936 49.9886575450857 52.5863314167541
Diabloceratops_eatoni -87.871129381206 108.760281319793 17.6360241797986 -1.81939994339784 -87.686829524626 -133.303477499019 117.996267360639
Diplodocus_carnegiei 327.622547830234 53.695008554101 197.273716973623 264.821109292326 35.1765620217884 26.9747549385353 -4.79929771772391
Panoplosaurus_mirus -591.131646944381 -66.5625696162737 -165.787705120594 -13.0395841288993 25.217846232853 -83.8077845232654 -106.240955593795
Edmontosaurus_regalis -477.639511368591 -332.24557241427 -94.3574545893093 38.2907103750068 -88.4229883043768 -72.1063900297722 12.7602094263197
Erlikosaurus 74.5913423784077 -114.471720402946 -176.401859355435 -127.374999644388 -6.15574866059261 -10.9548014134941 -35.5210340096301
Garudimimus 189.900797764253 287.392248026222 -241.801559832989 -180.058842368691 -35.7965555383013 97.6782358541338 -67.8539921268493
Gorgosaurus 7.30581627407913 -140.515785392505 -30.6130410570776 70.147847616337 -18.8410574209081 54.1327618081356 5.27874619048709
Hesperornis 321.943489589261 -256.929052612425 204.074614778507 -71.7137795232859 -15.9394879336128 58.6899186358327 13.7023613428009
Incisivosaurus -103.577714004215 66.1456331804544 41.2126928134836 164.27996056042 73.6231570370475 -131.463818057536 -33.9178903530866
Lambeosaurus_clavintialis 323.778973919003 -115.613375011169 119.561727790507 164.729017740595 -52.3484325865042 63.1122837995666 -42.5090807688789
Lambeosaurus_lambei 330.760118178065 -134.677837005559 -106.361757950509 231.147341538294 -17.7315697880318 83.3506351523348 -13.6907766079024
Majungasaurus 139.23641054796 129.41748069833 -91.2667050831196 -107.877760531192 22.409250638461 25.890575376301 -54.9694635802776
Massospondylus 122.629268186092 9.35785072959141 -5.62770105392733 -41.2915787795039 20.1057470039575 13.5051532816705 4.34184914231132
Thescelosaurus_neglectus -728.961095782659 -14.0773013823853 212.110843202071 164.219418180528 3.52761429927161 -7.60527148391119 -136.111048706153
Ornithomimus 86.4548070861064 -111.31852216458 -133.21268398998 -246.045819533411 15.1022979269569 55.5799473572346 -10.2943881091179
Pachycephalosaurus_wyomingensis -252.216222822717 -209.780415041943 -83.1678126363388 -126.599703669543 -3.31322413128486 20.4186981184889 -80.9457826888132
Pawpawsaurus_campbelli -415.879405214578 7.68540744409399 -143.073516467007 -171.716604615168 -5.21482128944839 -141.666004574817 -32.1980892447674
Pinacosaurus_grangeri -75.5999115588606 173.640950308197 14.4357320955179 187.046371110357 84.2385851681612 -71.4444077487732 -113.30766051545
Plateosaurus_engelhardti 79.872288917659 36.3654811482621 29.7892657315358 -44.6505178945656 12.3618087579993 -14.2198838845058 40.9119353796417
Prenocephale_prenes -791.067661534038 328.616603301892 165.040037752167 -28.5766687079533 -66.3330929638474 204.014101725325 0.962311990409054
Protoceratops_andrewsi -225.622046596681 -293.832379041527 188.411820736969 184.45733145936 -11.0424234118777 18.3549353634382 -55.2523660960805
Psittacosaurus_gobiensis -196.282930114325 37.8961351677139 180.363396814769 291.118849927396 17.2034098306268 -105.583327615171 26.2317885222488
Stegoceras_validum -529.068743745986 -255.523645556095 -52.8520912112418 97.4537773445588 -255.267290317662 137.491575880265 -46.0104621691727
Stegosaurus_stenops -648.321831031053 -197.426400857682 -191.086728663098 44.5404925414007 -89.9722227575368 -36.9301072725142 -9.12701637205071
Struthiomimus 48.7050416092756 129.485923745025 -229.521158715806 -197.265869906049 -30.2188445750779 26.9100503499221 -40.2413752686176
Tyrannosaurus 3.55956759383075 -45.5274341558123 -55.903952792571 17.166503943484 -27.5249320921057 43.5275789276271 -6.11901596835119
Teratophoneus 22.7574892454045 -167.95514279274 -7.98871474436342 48.7773339378752 -48.1379162500402 67.5633609938801 -12.7652670193604
Triceratops_prorsus -449.898211248342 -6.53992531865633 -252.99344059195 -55.0720395942855 21.791293113709 -40.1475253874432 -38.5279138476995
Tsaagan -213.507332808801 -199.247316943462 33.5718705383341 113.47889128429 25.0737276965989 -49.8573150325166 -3.88540186834594
