Alioramus 100.549228794737 -33.9727541571967 103.974495235895 6.64963183017501 -36.0505347704849 2.63591340163259 -45.4238586285145 23.1829002729256 -3.67103886958974 17.644957140872
Allosaurus 15.9514085037083 -9.55339309162861 68.9832762706934 -21.5864451654201 51.6633394398541 15.253440974487 88.4079913342599 -33.8857892080383 1.36182407193831 -27.6403186225414
Bambiraptor -111.071927519694 -23.200557048446 190.46034490385 -146.783240058595 -28.1056100346522 -50.3228268238794 -45.6930000705268 52.0992708732819 34.2331984351869 -2.00552224145674
Camarasaurus_lewisi 252.090660596863 -305.646373725948 -81.7592771107309 -132.774048227695 34.8756910203372 -15.0961951557905 -38.6910040435971 -28.8804500107664 -23.1400176533813 15.700071225795
Carnotaurus 168.898538944704 -199.840555460798 27.4227920322561 82.4138376599244 27.1100278715871 -67.2643172480385 18.1024510361429 -136.185246384337 44.6293629930718 37.2698177262054
Chasmosaurus_belli -251.210358679611 36.5157076324972 130.500124250719 33.980257758395 24.8271903245529 6.97439489588573 -35.8806252761726 16.2419413737834 6.99290137805567 -39.2745033602103
Citipati 276.256301877717 86.6991750180076 -12.9615561041866 211.231153553982 3.28819867208483 3.07651723284792 -85.5710089573266 -53.2732778339386 -25.7451479890211 -60.2045416636791
Diabloceratops_eatoni -263.536276138111 -83.3623247358349 331.274400418924 102.431956418457 -119.393504051044 33.2265367987833 1.12904993779011 -11.2015151272371 -13.4761723969353 -29.7752019448707
Diplodocus_carnegiei 470.049718276916 -121.981518771434 -61.9302381507123 -84.0958216873684 -8.62355349247992 -30.6076987082665 -33.2711136539878 -96.5716623293481 37.1903621161931 -43.5383989170993
Panoplosaurus_mirus 18.0253261332589 73.8833271140538 65.8005032350694 -34.5743628514993 -38.7822088779114 38.3714346767457 14.4862185839916 -70.4356322508916 -7.54821886584662 4.36700021353614
Edmontosaurus_regalis -77.2928652675148 223.873457191077 -148.985583528316 -40.2582112346963 31.6770516339313 49.0506355960096 7.44200490753262 -7.08954119090024 -25.8505226095237 6.04526840836938
Erlikosaurus -13.9591303099027 138.326449775937 23.2264488039332 -43.2162685319776 0.981618780676779 16.5915454316887 -7.31558271151366 19.2476885638424 -8.16182460410757 -18.3443464880284
Garudimimus 179.627968337758 -22.6484129167478 107.654166684132 -63.8708997460157 -3.40669139967579 44.5675290668532 -59.5758596880733 -56.6619570234399 -42.3584233818144 -3.42078734628123
Gorgosaurus -2.4754597982066 143.429436942729 57.6077679120227 -65.8208854346467 -33.8365634963034 -43.0092014053447 -50.1421894854548 -15.1959344536858 -85.9570183135648 10.0815590582603
Hesperornis -283.106463969568 73.6568190141596 203.917520435497 -110.096787268257 -62.0601018908501 -30.6919692004774 -34.2894836886945 59.0087293321693 11.063139112853 46.4519968051191
Incisivosaurus -104.964982337166 92.7274497690153 188.539178228937 21.8474359530937 10.4074725002383 18.2117619387997 1.57582367221894 -94.4631889054875 -2.39035172450057 -3.58581823826091
Majungasaurus 280.959433477079 -228.438773365174 -36.816440655431 -25.715720289629 -81.2301730642216 121.781643593266 29.8082017913764 -28.9888308887491 15.7429495734116 -28.966278304006
Massospondylus -83.4744581794256 38.8021600859613 3.60615128273615 18.1636078321031 -22.2558039172152 -0.253427386189055 -6.27535364281108 52.0715347936011 -11.3636297428974 17.7282751888856
Thescelosaurus_neglectus -25.5433743377283 140.827473643217 -30.7424467504328 -43.4342192898494 -46.0358977384921 3.68913950379084 44.8415521886753 -15.6009355944089 -4.78305563773416 -8.67437644170977
Ornithomimus -74.0791945627865 94.7008173306178 14.6503335504587 -67.2131314545394 2.97643711505708 9.02436336177505 -4.09081875433025 -20.3777933223581 7.11033540864737 -8.76077356048623
Pachycephalosaurus_wyomingensis -120.577631822519 14.6311424272953 86.8246905418889 -87.8636441543489 -19.3958383821755 -26.7692459031023 -43.6947451982981 -15.9054263487414 23.3958356687462 17.0094692144217
Pawpawsaurus_campbelli 150.2973865397 25.1615841063407 -16.5733063758319 129.184572190667 -18.9296986360379 -7.27096308376344 -20.7658187039098 -10.6422886923818 7.33364886590554 -18.2688730073485
Pinacosaurus_grangeri 281.453556583101 -210.933249482869 -73.8889496721053 -34.4012140237674 -3.46445888218398 23.7816093775841 -20.3137058960303 -14.756734947148 3.24074247120048 14.4167007362588
Plateosaurus_engelhardti -121.686447539289 -8.49991364571635 -23.29639849473 44.6622570552514 28.5178506805552 12.6249788843197 16.3849185623736 25.0457024571458 -0.807354757203992 9.48480399957122
Prenocephale_prenes -57.9173041672533 -1.65231910364891 132.404421193442 -34.1362119992637 -53.8291774681782 -38.449118973316 -60.6069114590644 -14.1164616292905 1.95456420103419 -9.39141845543975
Protoceratops_andrewsi 113.506324092812 43.0227362745943 5.43211833510263 -1.2921922088398 -61.0882974290646 46.0219040713366 0.817320694776606 -1.11478198669377 -13.5645162761339 -8.44591967409655
Psittacosaurus_gobiensis -112.368433662052 87.1584816821237 74.1218780678842 41.2590472131837 -47.732086435768 -36.7585197387659 -82.3574655956146 38.2572546738985 -9.66616466001059 -9.82553203074023
Stegoceras_validum 19.0763732331858 -47.4807354621384 85.7572409842213 -83.8463761865024 -107.007374855853 -125.721270551029 -76.2106031985319 -5.81246528287547 22.6392639330815 3.63031448509247
Stegosaurus_stenops 46.0371290714041 198.149765833203 -55.3995533810423 -28.1108242452646 -15.9259424680429 -11.4795641871557 10.7493360272922 -18.0344637484867 18.9391007012104 -43.7143196743875
Struthiomimus 106.92878072731 144.933651495165 152.609989952131 -56.477754692433 28.673923334553 -0.459284322323937 9.72316571560342 -3.75285218694508 -2.20990530055682 -4.9663783922606
Tyrannosaurus 279.927290566198 135.582766812812 -89.400537842871 -29.5256589470695 -96.7904764271317 -27.5991177576269 13.7697012164938 -2.56003268974506 -56.3021715333859 68.3365572983138
Teratophoneus 105.037846940094 -9.54078397756301 42.4227661821338 32.9880830837957 27.7550411606206 9.18131560862825 -71.9389934697213 -14.4090913118113 -59.4109406075116 46.5223382847818
Triceratops_prorsus -178.295990439158 255.404072959655 258.760274151909 24.0256578572648 -62.3325735857217 88.8998988873835 -100.090463793421 -13.17983925796 34.1855345633958 -5.24624191403374
Tsaagan -194.464707631256 72.8031140096973 122.110086730095 76.8113470627562 -50.8284463273788 -46.4741627276587 -35.0696246988818 50.757256547753 21.8257366035042 8.43134707741153
