Allosaurus 211.195586649885 268.543486914184 2.1252987378299 82.0796081745529 8.99586524750237 31.1243824362689 92.2013645096369 4.4388782702783 27.714791068183
Bambiraptor 54.7335450697363 58.026016813483 50.0906929910971 -120.581545793953 -45.3119681339021 91.0943732970433 -48.9239181986468 -27.9790508042499 33.0005807780974
Camarasaurus_lewisi 119.52325950519 -54.3809337299163 19.1823191677527 13.9692663125417 -17.3646476925997 68.1479245728597 76.1882221034339 29.7355950695072 -17.5838048506263
Carnotaurus 137.387424919263 161.769169624507 15.4946140625828 35.5459168834463 -28.5874316477766 -67.5173913007237 27.3279563143269 -22.0797120335505 -3.98644804828936
Citipati -12.8725364447578 81.5419293781544 176.615586123997 -21.1412440648036 -121.671013007781 -13.6000920049334 51.4736402329882 92.9004202372627 21.1759025185865
Diplodocus_carnegiei 46.0179690840049 127.683380794537 -1.70543291798134 10.3905365906653 10.0003487617476 92.6505517258953 -1.82295798755942 19.5034882042666 -23.4452718784253
Panoplosaurus_mirus -43.6315579296275 31.7816381238657 -10.4336116980548 -42.2216751532457 -7.11389486550228 103.035051123138 -52.4284992565258 -21.0324061406299 -43.6173241928543
Erlikosaurus 33.0762652331726 78.4004392876228 45.9313396068561 -34.0527551137161 -19.9947452359029 14.1282817720202 -8.47595138333013 -49.5326369793459 6.414009758581
Garudimimus -49.2717478309416 -66.6723491873031 -51.0393710129189 105.001178529212 -30.8037399444983 9.07886195396744 -35.7658272904099 -37.0500354281055 22.9949496684548
Hesperornis -96.961670133426 -126.333001232369 -44.98050697974 -62.9764355168827 -201.943993882417 8.57792043907381 51.4928529694983 -47.4233870884193 34.9114717928774
Incisivosaurus 117.0588712 24.6445342999626 -115.504346941977 7.59668536233455 14.7334277809454 -38.965629397521 23.2086469543943 40.543289443066 16.3613548808196
Majungasaurus 201.538043738457 31.3453808736645 -125.438688910609 -53.1476777620089 -14.4341387155793 80.7074229026851 74.528469168953 -5.91530525451103 64.112077140962
Thescelosaurus_neglectus -9.2186855089337 -124.210345836979 -4.70741807321743 -105.22374958943 -91.3116253164455 -28.0910490295902 -12.0615259315723 -19.6556811090598 -33.7530680757643
Ornithomimus 176.49690200966 -72.8053210853839 -16.6635810230471 -85.3555747765759 21.2863478853853 -50.2462796268151 1.980380830411 -28.2669123025857 24.4301664652393
Pawpawsaurus_campbelli -34.7470581382506 54.9951276851641 42.1943651535618 16.9579902481699 4.88251664705407 28.6222095264552 -1.32310601464652 -101.5454769159 37.7785498740986
Plateosaurus_engelhardti -69.9337562685285 -97.3645210966554 7.33523152266602 22.7911518605622 13.1193319032126 -37.1767990007482 2.97385407408143 9.35475516028908 -7.71052658839057
Prenocephale_prenes 8.84031201642656 64.1995096765808 -8.02194954395831 -160.368172452114 -8.63182323431039 25.295047033018 -85.7942701075055 45.3694027074646 -6.36476410448041
Protoceratops_andrewsi 69.4770107652989 168.417617117263 -8.27454516567082 -133.430768392064 -21.5818545259889 11.6412788689908 -50.3904228340721 -69.161123959042 -91.1888598171683
Psittacosaurus_gobiensis -90.9722913098236 113.124567861336 62.4521883139525 -93.1504069403547 13.6266410298557 -28.4262747848803 -128.198397653538 24.7385794176094 33.6449062024938
Stegoceras_validum -94.9688918860963 -83.4615748853633 112.281042296976 -128.21820663159 98.9950623443268 52.9806559328752 -69.4889406670391 29.7776271597761 -19.5280017302425
Stegosaurus_stenops -56.9926950017253 -32.0106499393706 -57.9410043245331 1.85885681262346 2.34584533078436 -20.2548367485677 -50.1037336359674 -19.3241684534485 6.8566773118917
Struthiomimus -49.7792901724044 -38.6710516926948 -38.9794414086488 -94.686495922115 27.1504238968528 -50.3882023905053 18.2340491356547 -26.7542806672434 23.0302067541271
Tyrannosaurus 51.601796802842 220.101927641828 18.0078335341464 -160.897831866108 3.88280182930415 26.8743344284882 -45.9391847410205 -108.678539562411 51.8856363257658
