Allosaurus -60.6583471075586 163.466613068477 280.098787162181 -56.1493978876569 36.6607484752426
Bambiraptor 43.4219526480969 448.755663381944 189.709801674186 53.2268321999615 -132.82087878411
Camarasaurus_lewisi -16.0428530549828 147.691985216355 -213.026614635437 -132.654753167901 -78.7511352609084
Citipati 251.786463752425 254.560923376327 51.652092141205 57.6888409492838 8.12973938844518
Diplodocus_carnegiei -28.3237674112274 56.3566435279381 -398.640660011046 -180.742935302406 27.2902861025062
Panoplosaurus_mirus -0.39176921604569 117.58556292112 -250.489403407627 -35.1594386937222 -142.204710407191
Erlikosaurus 139.389676744903 172.088249553061 -40.8476233121955 69.4006725194913 68.1439112927342
Garudimimus 235.323643392915 -24.1291145990188 -119.27116807618 57.4724172225151 -79.3240732108596
Hesperornis 217.158517256379 595.038544127171 100.591404707104 172.806659685769 148.73065368232
Majungasaurus -154.090715873594 286.727385590027 -67.5701473110765 50.7693841454095 -1.58127675921214
Thescelosaurus_neglectus -9.37517963168138 306.463237956415 -56.6436358422996 158.96071160597 -63.5274045798646
Ornithomimus 193.940345940056 256.837938020948 -65.0498593248916 27.2682509790345 -57.6493215668647
Pawpawsaurus_campbelli -13.0054358432526 186.147688700955 -68.0670809066658 -83.2778309151482 -142.298370182957
Pinacosaurus_grangeri -42.3894390830055 191.46423217318 -63.7607541002962 -150.557003983877 -39.7523903409005
Plateosaurus_engelhardti 11.6893929898841 -338.083272550292 124.396645460509 61.1798743563205 38.6215497838073
Prenocephale_prenes 7.27210407488249 217.667548173878 -74.0167795696216 15.70218646444 -79.220095840039
Protoceratops_andrewsi 98.2856228715308 299.062585638587 -146.293085532765 48.0333532950743 -140.528554870624
Psittacosaurus_gobiensis 132.784199745292 267.13459160486 -54.3740085393961 -128.05598334099 -143.099755972917
Stegoceras_validum -67.3368792158902 230.968944275618 -42.5954487103135 65.0225209974304 -152.540699716238
Stegosaurus_stenops -135.501382444736 289.575486462954 -85.1919274429889 -30.1497000374986 53.1110712603836
Struthiomimus -180.274410170639 232.638520891191 -81.3997179208721 33.5035049782822 -61.6482465465178
Tyrannosaurus 124.756199377678 335.482935030168 -3.84752841212838 139.69392132354 -69.9203969500038
