Alioramus 52.0609347775741 74.8303600332302 -119.9678023377 -62.7097172761105 -159.290226995958 -64.3500448113732 114.329457498399 -4.68120232356612 68.1298123497399 11.1925740446288
Allosaurus -40.4507834120009 108.580300701018 135.122904974964 -71.6962578848334 -15.7780048827292 -9.29172001072869 66.4691546516353 -55.5243315944072 15.8119035466889 -41.0614435689932
Bambiraptor 266.458082908714 131.925624502763 -140.025972610631 48.4756587448744 107.175868597693 25.7757077943471 32.8346548019641 -83.6668915830275 -4.94585268428474 79.6009644906754
Camarasaurus_lewisi 30.7108345841707 165.879271195414 -126.917481650591 74.5437473665602 -18.3599720247397 11.0496623101872 -70.2948780616222 -13.4724460787543 -19.3042682289211 -88.7342421097397
Carnotaurus 293.080805861719 46.6913566945307 100.749623744463 -192.168740059359 17.8962797774751 -51.7380572234058 234.13625779849 -19.1786196171051 4.05743540466433 -55.8239182539561
Chasmosaurus_belli -12.9489909855625 -335.780133893348 -65.9042759321554 -57.6871568692099 51.9415055226639 136.771577410583 27.1285987751238 -83.8893774920169 -93.6823721895141 11.0320385786614
Citipati -58.1355818737717 -284.204728684114 -126.637374606167 -156.955442374596 28.0357162021856 214.743937324324 29.5611106762588 -97.2502684726934 52.5623876340009 34.8846698994487
Diabloceratops_eatoni 90.8249094224585 -507.999309776835 142.303007893516 144.110622606972 104.19000425269 46.7511278996277 31.4948052530872 -70.0399180682601 -50.7965814054431 13.4913723649985
Diplodocus_carnegiei -28.5020304576709 375.327036345229 267.053676112786 10.7309906307995 60.859220759011 139.531944624715 -32.9205686859754 57.4956974289509 8.1424992447075 -40.2881046591345
Panoplosaurus_mirus 407.448255939231 389.450746064123 132.971019827719 121.922655765165 78.2094212886123 103.068613880451 41.6378375606815 -85.4869262389377 12.4899273689008 -15.4339016563409
Erlikosaurus 36.7449007358929 27.5394172044803 -116.847734207431 -16.7904107304458 31.4893641066426 13.3092544785772 -51.6679738815368 28.0216977075862 -13.2685868191408 59.1408058642053
Garudimimus 46.4904102534987 -76.2960464779115 -7.11257892594394 84.4874574463765 -29.6789123357133 161.470950203511 2.53911861801501 91.036793017136 -8.12401038669454 28.8529802354621
Hesperornis 347.352546844965 238.579162897196 175.344262618194 54.5686760335353 121.098525248435 37.1347256751743 41.4389538105914 -19.3518709201425 -16.5564715087848 41.0881756771394
Incisivosaurus -51.6566684130668 -117.228882865822 -77.6815291726846 78.5259753239508 42.501822628975 26.398086215442 50.877663414749 9.76404897203918 -28.3034817140094 15.2324360513735
Majungasaurus 152.846246776144 1.4746710342632 89.343906884461 -167.38317343509 35.8251537544454 -105.105456857499 166.545995245364 -25.16207787155 -36.3376794983179 -14.6860616905143
Massospondylus -134.775361880612 -59.9025308637306 -9.83927425279635 -45.6369730877844 4.36428281541503 -26.8072768244253 -1.63596754434716 -44.293976789212 -13.3059781697817 -22.2198804998569
Thescelosaurus_neglectus 153.472625682268 -193.245613480844 53.564766795032 6.95157508185067 128.058821006651 49.268762764467 52.9270230396767 24.906041865435 -55.5906842868512 89.617596128496
Ornithomimus 421.431371807351 3.1033450497996 39.5069064408369 51.9830677179811 119.064869337482 115.329054480845 43.0310428622276 22.0127418258676 -3.7997102808858 -20.5138099550837
Pachycephalosaurus_wyomingensis 318.796312397893 -311.901154051101 -168.519184502209 222.247463062535 139.057216520612 303.170407023469 99.8599048540591 42.4778734672939 155.354980550675 -39.7047263006005
Pawpawsaurus_campbelli 175.673199154639 295.59467269014 133.580074662654 37.6509336829359 48.8465764937 172.944106038464 -15.8765950180668 32.764194706966 1.22608335195249 73.7587698385097
Pinacosaurus_grangeri 69.9342440677017 87.3854210410214 28.6312587579468 22.2254300221116 -7.87725981484601 145.078080098083 -20.3337592141796 -22.9919562386636 -10.318634142758 -25.9533422480034
Plateosaurus_engelhardti -80.9700059915623 5.31085471390114 -20.411861750279 47.5809125349762 -98.218816316516 -97.9702009810934 -61.5517211643787 10.1515071009248 6.94274394599791 29.4932843144261
Prenocephale_prenes 272.216510479521 -102.798128418741 -103.495415723599 70.7133078252312 172.94610209662 205.779336982278 68.7632491210963 24.1384658951066 75.7933127686901 30.1445426157312
Protoceratops_andrewsi 240.499629783535 -160.947146237649 -28.9347488449751 -65.0992541440875 30.034804657028 100.218678682248 -21.1252724965839 -11.355522294332 -125.134786926613 -75.6957582539322
Psittacosaurus_gobiensis 234.138719971805 -373.456847279201 -262.046751531632 -199.093618107655 191.727828306458 106.709876582487 104.37636960688 36.5934734307419 22.2852721014461 19.7375142181983
Stegoceras_validum 334.175641114499 -131.478923188457 -146.027987085766 215.268853878781 146.857159645024 267.264184016021 26.5472154674294 91.0115862369878 110.468075091551 -53.1619523842549
Stegosaurus_stenops 49.136496172446 -129.999809334928 -39.8817819031468 29.5399916018366 63.994896886085 74.9510059002318 5.92387332467495 36.051678792884 -2.81997516737252 18.5819298871637
Struthiomimus 2.00136335395747 52.4756564333199 17.2501456826106 69.2047264138873 141.798398517693 114.218143621702 56.3558241200934 24.2094029240572 0.854126187938758 -28.2865175459463
Tyrannosaurus 149.760221962611 -33.5197842257014 -179.227749887034 -68.737742796577 22.8018521750013 -103.772503203429 156.262815170833 132.262970914847 -12.42296806278 -9.98649923454034
Teratophoneus -2.86794986698167 -172.135538217676 -64.8784669437951 -133.596309033344 58.0614634150036 -49.7287568662062 -9.80357017275234 12.1378145208492 11.4823312113423 -26.8952108212006
Triceratops_prorsus 64.5300962253801 -299.25486336393 27.1288386689865 -110.742184498991 89.4005407773668 -16.3738544248686 -45.2939381784217 -11.4831443164399 37.8464899706518 -0.819964167041465
Tsaagan 151.477154160743 -88.6044825325758 58.6718452863945 -67.2506438441479 23.5256473960384 17.8609644658911 66.6353757763183 -44.0230859450619 -23.7152111706777 45.0424419389327
